# 马提娜大招「神罚」脚下魔法阵 —— 由 pixelart 粒子画数据包转换而来
# 格式: <x> <y> <RRGGBB>；x/y 的单位是 0.1 格（两轴同一单位 ⇒ 长宽比与源一致）
# 网格: 247 × 251（即 24.7 × 25.1 格）；行号 y 越大越靠上（源里 +y 朝上）
# 源: pixelart-particle-art.zip / data/pixelart/function/part_00{0,1,2}.mcfunction
# 由 4554 条 particle 指令去重落格而来；颜色 = minecraft:dust 的 color，源 scale 为 0.2
0 108 D5D6DA
0 110 EAEAEB
0 112 DFE0E2
0 114 D5D6D9
0 116 CDCDD1
0 118 C5C5CA
0 120 BEBEC3
0 122 B7B7BD
0 124 B4B3BA
0 126 B9B9BF
0 128 C0C0C5
0 130 C7C7CB
0 132 D0D0D4
0 134 D8D8DC
0 136 E3E3E5
0 138 EDEDEF
0 140 A3A2AA
2 96 D9DDDE
2 98 C3C6C7
2 100 B1B2B6
2 102 A4A6AA
2 104 9999A0
2 106 808086
2 108 B2B2B5
2 110 B8B8BB
2 112 C0C1C2
2 114 C7C8CA
2 116 D1D2D3
2 118 DBDBDC
2 120 E6E5E6
2 122 F1F1F1
2 124 F8F8F8
2 126 ECECED
2 128 E2E2E1
2 130 D7D7D8
2 132 CDCED0
2 134 C5C6C8
2 136 BDBDBF
2 138 B6B5B8
2 140 949496
2 142 8F8F96
2 144 999A9F
2 146 A7A7AB
2 148 B6B6BA
2 150 CACBCE
2 152 E6E6E8
4 90 1B1D29
4 92 1D1C2B
4 94 88898D
4 96 FCFDFC
4 98 FCFDFC
4 100 FEFEFD
4 102 FDFDFC
4 104 FDFCFD
4 106 FDFCFC
4 108 12111E
4 140 AFAFB1
4 142 FEFEFD
4 144 FEFEFD
4 146 FEFEFD
4 148 FEFDFC
4 150 FDFCFC
4 152 FDFDFB
4 154 13151C
4 156 1C1B29
4 158 1C1A29
6 82 A9A9AE
6 84 7B7B82
6 86 FCFCFC
6 88 FDFFFD
6 90 FDFEFF
6 92 FEFFFF
6 94 BEBEC2
6 96 1A1927
6 98 141625
6 100 141423
6 124 A8AAAF
6 126 AFAFB6
6 148 131221
6 150 141321
6 152 1C1A24
6 154 FCFCFC
6 156 FEFDFE
6 158 FDFDFE
6 160 FDFDFF
6 162 CCCCCD
6 164 9D9EA2
6 166 BFC0C4
6 168 82848B
8 78 1E1C2A
8 80 9E9EA3
8 82 FCFDFC
8 84 FCFCFB
8 86 ECEBEC
8 88 DCDCDD
8 90 929196
8 92 CAC9CD
8 94 D0D1D5
8 124 FCFDFD
8 126 F8F9FB
8 154 DFE0E2
8 156 BFC0C3
8 158 A7A8AB
8 160 96969A
8 162 AFAEB0
8 164 FCFDFC
8 166 FAFCFB
8 168 C8CACB
8 170 0E1019
8 172 1A1D28
10 72 767580
10 74 B2B2B7
10 76 CFD0D1
10 78 FBFBFB
10 80 F9F9F9
10 82 C5C6C9
10 84 CECED1
10 86 191823
10 88 0F1322
10 122 1C1B29
10 124 FEFFFE
10 126 FCFDFC
10 128 191A26
10 164 BABBBF
10 166 C2C2C4
10 168 E1E2E2
10 170 FCFEFD
10 172 FAFCFB
10 174 88898E
10 176 7B7B84
12 68 201F30
12 70 7F7F84
12 72 DFDFE1
12 74 FCFCFA
12 76 FBFCFB
12 78 89898C
12 80 A09FA4
12 120 1A1826
12 122 24242D
12 124 FDFFFC
12 126 FBFDFC
12 128 181822
12 130 1A1A26
12 168 83838A
12 170 AEAFB2
12 172 FAFAFB
12 174 FCFCFC
12 176 D1D1D3
12 178 A0A0A6
12 180 1F1F2B
14 64 8B8A93
14 66 C5C5C8
14 68 FCFCFA
14 70 E1E1E3
14 72 C4C4C8
14 74 9A9BA0
14 76 262733
14 114 15141F
14 116 FDFDFD
14 118 FEFEFE
14 120 FDFEFE
14 122 FCFDFD
14 124 FDFEFD
14 126 FCFEFC
14 128 FDFEFE
14 130 FEFEFE
14 132 FCFCFD
14 134 9A9BA2
14 172 191A27
14 174 807F86
14 176 BDBCC0
14 178 FBFBFB
14 180 F8F7F6
14 182 C6C6C8
14 184 75767E
16 62 949497
16 64 F2F2F2
16 66 FDFDFB
16 68 F0F0F0
16 70 7D7C84
16 80 9E9DA5
16 82 12141B
16 102 181826
16 116 DCDCDE
16 118 B8B9BB
16 120 9EA0A2
16 122 7F7F83
16 126 F7F8F6
16 128 8B8B8F
16 130 ABACAE
16 132 CBCDCE
16 134 B7B8BC
16 148 100D19
16 178 BAB9BE
16 180 FCFCFB
16 182 FCFCF9
16 184 DEDEDE
16 186 7B7C83
17 124 FEFEFE
18 58 8C8D94
18 60 B3B3B6
18 62 FDFDFC
18 64 FBFBFB
18 66 C5C5C8
18 68 828287
18 80 CDCDCE
18 82 CCCDD0
18 102 999AA5
18 122 1A1925
18 126 FCFDFD
18 148 787782
18 150 141525
18 166 7A7A83
18 168 8F8F95
18 170 C5C4CA
18 180 181825
18 182 8D8E92
18 184 FAFAFA
18 186 FDFEFC
18 188 D2D3D5
18 190 A5A6AB
20 56 75757C
20 58 E0E0E2
20 60 FCFCFC
20 62 B7B7BB
20 64 9E9EA6
20 80 76767D
20 82 E7E7E9
20 84 77767D
20 86 7D7E84
20 88 BAB9C0
20 90 151524
20 124 FDFFFE
20 126 FDFEFE
20 128 1A1C2B
20 162 BFC0C5
20 164 7E7E85
20 166 919096
20 168 F9F9F9
20 170 717177
20 184 A6A7AA
20 186 D1D1D3
20 188 FEFEFE
20 190 FBFCFC
20 192 BBBCBF
20 194 72737B
22 52 A1A0A6
22 54 D0D0D2
22 56 FBFCFC
22 58 CACBCC
22 60 181722
22 78 7D7C86
22 80 8D8C93
22 82 FCFCFB
22 84 FAF9FA
22 86 E5E5E6
22 88 C4C4C6
22 90 161622
22 124 CFD0D1
22 126 CED0D1
22 160 1D1A29
22 162 C0BFC1
22 164 E4E4E5
22 166 F5F4F5
22 168 FAFAF9
22 170 797881
22 188 1A1926
22 190 95959A
22 192 FAFBFA
22 194 F8F9F9
22 196 89888D
22 198 86848D
24 50 8C8C93
24 52 FBFBFB
24 54 FCFDFC
24 56 8E8E92
24 58 7E8085
24 76 191A25
24 78 D2D2D3
24 80 F8F9F7
24 82 FCFBFA
24 84 FBFBF9
24 86 6F6F76
24 164 86848C
24 166 FDFDFC
24 168 FBFBFA
24 170 DEDEE1
24 172 C4C4C8
24 192 A2A2A7
24 194 D9DAD9
24 196 FBFBF8
24 198 CECDD0
24 200 171823
26 48 CDCCCF
26 50 FDFDFD
26 52 DEDEE0
26 54 73747C
26 76 191B24
26 78 B8B8BE
26 80 76767A
26 82 939297
26 84 FAFBF9
26 86 1D1C26
26 164 75747B
26 166 E6E6E6
26 168 707075
26 170 D5D4D8
26 172 BFC0C2
26 174 161824
26 196 79787C
26 198 E5E5E5
26 200 D7D7D9
26 202 77777E
28 44 83838C
28 46 B7B7BB
28 48 FDFEFD
28 50 B6B6B9
28 52 909198
28 82 9D9CA0
28 84 CCCBCC
28 86 98999C
28 106 1C1C2A
28 108 707176
28 110 E4E6E7
28 112 E3E6E6
28 114 D9DBDC
28 116 CFD0D2
28 118 C6C8CA
28 120 C0C0C3
28 122 B8B9BC
28 124 B4B6B9
28 126 BABCBF
28 128 C2C3C6
28 130 CBCBCD
28 132 D4D4D6
28 134 DDDDDF
28 136 E8E8E9
28 138 F2F4F4
28 140 13141E
28 142 1A1B29
28 144 151625
28 148 181925
28 162 A7A6AE
28 164 E2E1E4
28 166 D2D3D4
28 198 79787D
28 200 FDFDFD
28 202 D3D3D4
28 204 ABACB0
30 42 77777F
30 44 F3F2F3
30 46 FBFAFB
30 48 B1B1B4
30 84 ADADB2
30 86 B8B8BA
30 96 BBBBC0
30 98 B2B1B9
30 100 8C8A91
30 102 FBFAFD
30 104 FDFEFD
30 106 FCFEFD
30 108 F6F7F7
30 110 C6C7C9
30 112 C9C9CC
30 114 DDDDDE
30 116 C7C5C9
30 118 C3C1C5
30 120 CFCED1
30 122 BFBEC2
30 124 CFCDD0
30 126 CCCBCE
30 128 C1C1C4
30 130 D8D7D9
30 132 EFEEEF
30 134 DFDEE0
30 136 C9C8CB
30 138 B4B4B7
30 140 FBFBFB
30 142 FDFEFD
30 144 FEFEFD
30 146 FDFCFD
30 148 FAFAFA
30 150 7F7E85
30 152 9E9FA7
30 162 87878F
30 164 C9CACD
30 166 1D1D26
30 200 7C7B82
30 202 B7B7BA
30 204 FAF9F9
30 206 B1B2B4
32 40 737479
32 42 E3E2E3
32 44 CFCFCF
32 46 A1A0A6
32 64 141624
32 66 7B7E88
32 90 1D1E2C
32 92 A8A7AF
32 94 CFCFD1
32 96 E6E6E7
32 98 FEFEFE
32 100 FEFDFC
32 102 807F83
32 104 9FA0A4
32 106 BABBBE
32 108 C0C2C5
32 110 73747D
32 122 201E2C
32 124 CFCFD0
32 126 8D8D91
32 140 E0E1E3
32 142 C5C6C8
32 144 B0B0B3
32 146 9C9BA0
32 148 7F7F82
32 150 FAF9F9
32 152 FBFCFC
32 154 BABBBD
32 156 7F8085
32 158 191824
32 204 B1B0B3
32 206 FAFAFA
32 208 919297
34 38 7A7A81
34 40 FBFAFA
34 42 D1D1D2
34 44 A3A2A7
34 84 9E9CA3
34 86 9C9CA1
34 88 CFCFD2
34 90 FDFDFD
34 92 F9F9F9
34 94 BBBBBE
34 96 C9C8CC
34 98 D9D9DC
34 100 D1D1D3
34 102 151724
34 122 C8C8CD
34 124 35333B
34 126 969599
34 128 68676E
34 150 E9E8EA
34 152 CECFD3
34 154 BABBBE
34 156 E1E2E2
34 158 F9FBFC
34 160 ABABAF
34 162 9A9AA0
34 164 84838B
34 184 7E7E8C
34 186 7E7F8C
34 206 A1A1A5
34 208 FAFAF9
34 210 AFAFB2
36 36 6E7076
36 38 E0E1E2
36 40 CECDD1
36 42 7A7981
36 82 23202C
36 84 BBBABD
36 86 FDFEFD
36 88 FCFDFD
36 90 959499
36 92 B3B2B8
36 120 818084
36 122 A1A0A5
36 128 949197
36 130 77777C
36 156 B0B1B3
36 158 A2A2A6
36 160 D4D5D5
36 162 F9FBF9
36 164 C8C8CA
36 166 23222A
36 208 B2B1B6
36 210 FCFCFA
36 212 B4B5B7
36 214 6D6F79
38 34 737378
38 36 FAFAFA
38 38 CAC9CB
38 40 1E1C29
38 44 A1A2A7
38 78 B5B5B9
38 80 CFCFD1
38 82 FDFCFD
38 84 D4D2D5
38 86 1B1B26
38 88 181924
38 118 716F76
38 120 919195
38 128 6E6C75
38 130 D4D2D3
38 132 191827
38 162 212227
38 164 C2C2C4
38 166 F8F8F8
38 168 B8B7BB
38 170 BCBBBF
38 172 86858D
38 210 9E9EA3
38 212 FBFDFC
38 214 EEEEEF
38 216 1B1C29
40 32 77777E
40 34 E3E3E4
40 36 D1D0D2
40 38 6E6C73
40 44 E2E3E4
40 46 C8C9CC
40 48 1C1C2C
40 74 828289
40 76 B8B8BD
40 78 FCFCFC
40 80 FAFBFB
40 82 8A8B91
40 84 ABAAB1
40 116 7D7C83
40 118 918F96
40 130 8F8D93
40 132 8C8B90
40 164 8D8C95
40 166 9E9DA2
40 168 D0D0D2
40 170 FCFCFC
40 172 C9C9CC
40 174 1A1824
40 198 C0C0C1
40 200 C9CACD
40 202 B7B7BB
40 204 CBCCD0
40 206 8D8E96
40 212 BDBDC1
40 214 FBFBFA
40 216 939397
42 28 A0A0A5
42 30 838387
42 32 FCFBFD
42 34 DCDBDE
42 36 24222E
42 44 959599
42 46 E5E5E5
42 48 CECED2
42 50 94959B
42 52 828288
42 54 97989E
42 70 74757C
42 72 CACBCE
42 74 FCFEFC
42 76 D6D7D8
42 78 A6A5AC
42 80 181924
42 114 1D1D28
42 116 B4B5B8
42 132 727177
42 134 949398
42 170 76767A
42 172 E3E4E5
42 174 F9FBFB
42 176 ACACAF
42 198 9E9EA2
42 200 C8C7CB
42 202 FAFAF9
42 204 FDFFFD
42 206 ABADAF
42 214 9D9CA2
42 216 FCFBFA
42 218 A9A9AE
44 26 120F1C
44 28 CFCFD2
44 30 FAFAF8
44 32 D0CFD2
44 34 B0AFB5
44 46 808186
44 48 F8F9F9
44 50 838387
44 52 8B8A8F
44 54 FAFBFB
44 56 1B1B2A
44 68 A7A6AD
44 70 D2D3D3
44 72 FAFBFA
44 74 898A8F
44 76 808187
44 114 908E94
44 116 8A8A90
44 134 B3B1B6
44 136 2E2D35
44 172 8D8E95
44 174 B1B1B4
44 176 FBFBFC
44 178 BEBEC0
44 180 7E7E85
44 198 171425
44 200 D0CFD3
44 202 F5F5F4
44 204 F9FAF8
44 206 96989C
44 216 ABAAAF
44 218 FAFAFA
44 220 B7B6BC
44 222 181725
46 24 99999F
46 26 C9C9CC
46 28 F9F9F9
46 30 DEDEDE
46 32 1E1C25
46 48 6D6E74
46 50 E2E3E4
46 52 EDEDED
46 54 FEFDFE
46 56 1A1A29
46 66 A9AAAF
46 68 FBFBFB
46 70 DDDDDE
46 72 696B70
46 112 8E8D91
46 114 74747A
46 134 161427
46 136 AAA9AA
46 138 7D7B83
46 176 98999E
46 178 CECECC
46 180 FAFAF9
46 182 B3B3B6
46 198 B9B8BC
46 200 E2E1E2
46 202 58575E
46 204 FBFCFA
46 206 B7B9BB
46 218 B9B8BC
46 220 FEFEFE
46 222 C1C1C6
48 24 9B9BA0
48 26 FBFAFA
48 28 C9C7CC
48 30 98969B
48 46 151520
48 48 B0B1B5
48 50 E3E3E4
48 52 FDFFFD
48 54 FEFDFD
48 56 171725
48 62 181621
48 64 B4B3B7
48 66 FBFBFC
48 68 B7B6B9
48 70 98989F
48 110 8C8A93
48 112 BDBDBF
48 136 72707A
48 138 9B9A9F
48 140 2A2732
48 178 9A999C
48 180 C1C1C4
48 182 F6F6F7
48 184 BABABD
48 186 7E7F84
48 194 0F0F1A
48 196 C4C4C8
48 198 E3E3E3
48 200 707075
48 204 9A9BA0
48 206 B0B0B3
48 218 74737A
48 220 F8F7F9
48 222 DFDFE0
48 224 74747C
50 22 BDBDC0
50 24 FDFDFC
50 26 D3D3D3
50 28 191A24
50 48 E1E2E4
50 50 C3C5C7
50 52 C3C4C6
50 54 E1E1E4
50 60 A1A1A7
50 62 D2D2D4
50 64 F8F9F6
50 66 8E8D92
50 108 9F9EA3
50 110 CBC9CC
50 112 1C1B27
50 138 221E26
50 140 A1A0A6
50 142 6E6E76
50 182 9D9CA4
50 184 D8D8D9
50 186 FAF9FA
50 188 6C6C73
50 194 C6C5C9
50 196 F8F8F9
50 198 87868E
50 220 1E1D2A
50 222 FAF9FA
50 224 F8F7F9
50 226 8B8B91
52 20 959599
52 22 FCFBFD
52 24 BBBBBE
52 26 939398
52 58 93929B
52 60 F3F3F5
52 62 BFBFC2
52 64 C1C1C3
52 106 232328
52 108 979699
52 110 4F4D54
52 112 74737A
52 114 DDDDE0
52 116 DCDDDF
52 118 CFD0D4
52 120 C4C5C9
52 122 B9BBBF
52 124 B4B6BA
52 126 BCBEC1
52 128 C7C9CB
52 130 D3D4D6
52 132 E1E1E2
52 134 D9DADB
52 136 191825
52 140 57575C
52 142 8D8E92
52 144 73757D
52 184 85848A
52 186 CDCCCF
52 188 E2E2E3
52 190 C1C1C5
52 192 1B1826
52 194 86848B
52 196 9FA0A6
52 198 676672
52 222 ABABAF
52 224 FBFBFB
52 226 DCDCDF
52 228 6D6C76
54 18 6F6F76
54 20 DEDEDF
54 22 B0B0B5
54 56 A9A9AE
54 58 FAFAFA
54 60 CBCACD
54 62 87878B
54 64 95969C
54 66 909196
54 68 939399
54 70 99999E
54 72 A1A0A7
54 74 A6A6AC
54 76 AAACB0
54 78 AFB1B4
54 80 B5B7BA
54 82 B9BBBD
54 84 C3C3C6
54 86 CBCACC
54 88 D2D2D4
54 90 DCDCDE
54 92 E6E6E7
54 94 DCDCDC
54 96 A7A7AB
54 100 8E8E93
54 102 B9B9BE
54 104 9A9AA0
54 106 CCCCCE
54 108 FEFEFD
54 110 FEFDFE
54 112 F8F9F6
54 114 CBCBCC
54 116 BDBDC1
54 118 C7C8CB
54 120 DBDCDE
54 122 EAEBEC
54 124 F4F5F6
54 126 E6E6E8
54 128 D4D5D8
54 130 C9C9CC
54 132 BDBCBF
54 134 B1B1B2
54 136 FAFBF9
54 138 FDFDFD
54 140 FEFEFD
54 142 FBFBF9
54 144 A9A9AC
54 146 A9A8AD
54 148 AEAEB2
54 152 8E8D92
54 154 BFBFC2
54 156 E9E9E9
54 158 DFDFE0
54 160 D5D4D8
54 162 CCCCD0
54 164 C5C5C8
54 166 BBBBBE
54 168 B5B5B8
54 170 B1B0B6
54 172 ABAAB1
54 174 A5A5AB
54 176 9F9EA5
54 178 9B9BA2
54 180 98989F
54 182 94959B
54 184 909096
54 186 77777E
54 188 EAE9EA
54 190 FCFDFB
54 192 C6C6C8
54 194 6A6A70
54 224 35353C
54 226 FCFCFB
54 228 F1F1F3
54 230 11111E
56 18 CBCBCD
56 20 F8F9F7
56 22 7A7C85
56 54 A5A5A9
56 56 F8F8F8
56 58 9E9EA1
56 60 FBFBFB
56 62 FDFDFD
56 64 FEFEFD
56 66 FDFEFD
56 68 FEFEFD
56 70 FEFEFE
56 72 FDFDFD
56 74 FCFCFC
56 76 FEFEFE
56 78 FEFFFE
56 80 FEFFFE
56 82 FEFEFE
56 84 FEFEFE
56 86 FEFEFE
56 88 FCFCFC
56 90 FDFCFE
56 92 FDFCFC
56 94 D1D0CF
56 96 828281
56 98 BAB9BD
56 100 E4E4E5
56 102 FDFDFD
56 104 FDFDFD
56 106 FBFCFA
56 108 8C8C90
56 110 B7B7BA
56 112 BCBDBF
56 114 73737A
56 136 D2D2D2
56 138 ABABAE
56 140 B3B3B5
56 142 FCFCFB
56 144 FDFDFD
56 146 FDFDFD
56 148 FBFBFB
56 150 B8B7BA
56 152 7B7B7C
56 154 F6F6F6
56 156 FCFBFD
56 158 FEFEFD
56 160 FEFDFD
56 162 FEFDFC
56 164 FBFCFB
56 166 FCFCFC
56 168 FCFCFC
56 170 FBFAFB
56 172 FAFAFB
56 174 FCFBFC
56 176 FEFEFE
56 178 FEFEFD
56 180 FEFDFD
56 182 FDFEFC
56 184 FDFEFD
56 186 FDFDFD
56 188 F8F8F8
56 190 EDEDEE
56 192 FAFAF8
56 194 CECECF
56 196 191721
56 226 B5B6B7
56 228 FBFCFB
56 230 8C8D91
58 16 737479
58 18 FBFBFA
58 20 CCCDD0
58 52 ABABAE
58 54 FBFBFB
58 56 97969C
58 58 17151E
58 60 FCFCFC
58 62 797980
58 64 151522
58 66 131320
58 68 131222
58 70 111120
58 74 121120
58 84 151323
58 86 191827
58 88 191725
58 90 494950
58 92 6B6B6F
58 94 99999B
58 96 FDFDFD
58 98 FAFAFC
58 100 D4D5D7
58 102 E1E3E3
58 104 191922
58 106 10141F
58 144 131321
58 146 7D7D81
58 148 CECED2
58 150 CFCFCE
58 152 FCFCFB
58 154 717076
58 156 65646C
58 158 161420
58 160 141420
58 162 12121F
58 164 131321
58 166 141323
58 170 131222
58 172 131322
58 178 151524
58 180 151323
58 182 151321
58 184 171622
58 186 B2B2B6
58 188 F9F9FA
58 190 88878E
58 192 7A797F
58 194 E3E3E3
58 196 CECED0
58 198 B8BABC
58 228 C4C4C6
58 230 FCFDFD
58 232 A2A4A9
60 16 C4C4C5
60 18 FBFBFB
60 20 9D9DA4
60 50 9C9DA2
60 52 FBFBFA
60 54 ABACAF
60 58 1C1A24
60 60 FDFDFC
60 62 94969B
60 88 191823
60 90 CBCACC
60 92 FCFCFC
60 94 F8F8F7
60 96 BABABD
60 98 BDBCC2
60 100 7B7A84
60 150 9D9DA0
60 152 8F8F92
60 154 FCFCFB
60 156 FBFBF9
60 158 BEBEC2
60 160 909094
60 186 B6B6BA
60 188 FAFAFB
60 190 A4A3AB
60 194 929298
60 196 FBFBFB
60 198 DCDDDD
60 200 161723
60 214 8D8D99
60 228 8D8D94
60 230 FEFEFE
60 232 CBCBCD
62 14 B5B6B9
62 16 FAFAFA
62 18 96959C
62 48 79787E
62 50 D5D5D7
62 52 E0E1E2
62 54 8F8F96
62 58 1A1824
62 60 FEFEFD
62 62 A0A2A6
62 86 C5C6C8
62 88 FBFCFB
62 90 E4E4E3
62 92 C9C8CB
62 94 262330
62 154 1A1925
62 156 B2B2B5
62 158 D5D5D6
62 160 F4F4F3
62 162 CDCDCF
62 164 747379
62 186 BABABF
62 188 FBFAFB
62 190 AFAEB6
62 196 75747A
62 198 E4E3E5
62 200 C9C8CB
62 202 6F6F78
62 230 8D8D91
62 232 FDFDFD
62 234 7D7E83
64 12 1F1F28
64 14 FCFDFA
64 16 F6F7F6
64 46 1B1925
64 48 CCCBCD
64 50 FBFAFA
64 52 707079
64 58 171723
64 60 FEFDFD
64 62 AFB0B4
64 82 888891
64 84 BFC0C4
64 86 FAFCFB
64 88 B2B2B6
64 90 8D8D93
64 158 7D7C83
64 160 919095
64 162 FBFBFA
64 164 CDCDCF
64 166 B8B9BB
64 168 141420
64 186 B8B8BE
64 190 B1B1B8
64 198 747378
64 200 FAF9FB
64 202 9F9FA3
64 230 9C9CA1
64 232 CECED0
64 234 C1C2C4
65 188 FDFDFD
66 10 86858E
66 12 D1D1D3
66 14 FDFDFD
66 16 A2A2A7
66 46 B1B0B6
66 48 FDFDFC
66 50 84858A
66 58 171925
66 62 C1C0C4
66 78 7B7A83
66 80 8F8E94
66 82 FCFBFB
66 84 F8FAF6
66 86 8C8D94
66 92 A9A9AE
66 156 A9A9B0
66 162 1C1C29
66 164 9D9CA2
66 166 FEFEFB
66 168 F4F4F4
66 170 7F8086
66 186 B4B3B9
66 190 A4A4AD
66 200 DBDBDD
66 202 F8F8F6
66 204 79797F
66 232 B1B0B6
66 234 FDFCFD
66 236 CBCACE
67 60 FEFDFE
68 10 86868D
68 12 F5F5F4
68 14 CBCBCF
68 16 A2A2A9
68 44 7C7D83
68 46 E4E4E4
68 48 CCCDCE
68 50 8C8D94
68 58 191926
68 62 D6D5D8
68 76 242330
68 78 CECDD0
68 80 F6F6F6
68 82 CECED2
68 84 A3A4A8
68 92 C2C3C4
68 94 181721
68 156 CFD0D2
68 158 12121D
68 166 BABABE
68 168 F6F6F6
68 170 DCDCDD
68 172 79797F
68 186 C7C7CC
68 188 FEFDFE
68 190 9999A3
68 200 95959A
68 202 D2D2D4
68 204 B6B7B9
68 234 B2B1B4
68 236 F8F8F8
68 238 191A25
70 8 1B1929
70 10 FBFAFA
70 12 F9FAF7
70 14 B8B8BE
70 42 1D1C29
70 44 F9FAFB
70 46 CECFCF
70 48 1C1D24
70 58 1A1826
70 60 FDFDFD
70 62 EAEBEC
70 74 717278
70 76 D6D6D7
70 78 E4E5E4
70 80 707074
70 92 ADADB1
70 94 89888B
70 114 94959C
70 116 CBCCCC
70 118 B6B7BA
70 120 9FA0A3
70 122 8F9095
70 124 93949A
70 126 97989D
70 128 ACADB1
70 130 BBBCBE
70 132 9A9B9F
70 134 949397
70 154 79797F
70 156 98979C
70 168 212329
70 170 CFCED1
70 172 F9F9F9
70 174 66676F
70 186 D0D0D3
70 188 FDFDFD
70 190 8E8E98
70 202 2B2A31
70 204 FCFCFB
70 206 BAB9BC
70 234 B2B2B6
70 236 FDFDFD
70 238 CACBCF
72 8 1A1A21
72 10 FEFEFD
72 12 C1C1C3
72 24 9999A0
72 26 B0B0B7
72 28 181929
72 42 909197
72 44 FCFEFC
72 46 AEAFB2
72 58 191825
72 60 FDFDFE
72 62 D7D8DA
72 72 1F1F29
72 74 C9C9CB
72 76 FDFDFC
72 78 7D7D84
72 92 1D1B28
72 94 E3E3E2
72 96 CFCFD4
72 98 191824
72 108 21222C
72 110 A2A3A6
72 112 BFBFC4
72 114 8F8F94
72 116 8E8E94
72 118 94949A
72 120 9C9DA2
72 122 A5A6AB
72 124 AFB0B4
72 126 BABBBD
72 128 C6C7C9
72 130 D4D5D6
72 132 A2A3A7
72 134 858488
72 136 BCBCC1
72 138 C1C3C5
72 140 82848A
72 142 171826
72 144 191928
72 152 292933
72 154 DAD9DB
72 156 99989E
72 170 939398
72 172 DAD9DC
72 174 E0E0E2
72 176 65666F
72 186 D7D7D9
72 190 8A8B94
72 204 C3C2C4
72 206 F7F7F6
72 208 242431
72 220 181928
72 222 9E9FA4
72 224 20222B
72 234 B8B8BD
72 236 CFCED1
72 238 BDBEC0
74 8 BFC1C2
74 10 FBFCFC
74 12 C2C1C7
74 16 A5A6A9
74 18 98999E
74 20 87868F
74 22 95949A
74 24 C3C2C6
74 26 CDCCD0
74 40 9E9CA3
74 42 FBFBFB
74 44 B2B2B5
74 60 FEFEFD
74 62 C2C3C5
74 70 949499
74 72 D1D0D2
74 74 E2E2E2
74 76 88888B
74 94 FFFFFE
74 96 FDFDFD
74 98 D6D5D9
74 100 B3B2B8
74 104 BCBBBF
74 106 88868C
74 108 B2AFB4
74 110 7C7B80
74 112 16161F
74 136 141422
74 138 151420
74 140 727175
74 142 B5B5B8
74 144 B7B7B8
74 146 78777D
74 150 B7B8BA
74 152 FAFAFA
74 156 C0C0C4
74 172 1C1C24
74 174 DEDFE2
74 176 F6F8F8
74 178 6B6B74
74 186 DBDBDE
74 188 FDFCFD
74 190 898993
74 204 8B8A91
74 206 E3E3E5
74 208 CECED2
74 210 95969E
74 220 181828
74 222 C9CACC
74 224 F7F9F9
74 226 181A24
74 230 ADAEB3
74 232 A2A3A7
74 236 25242E
74 238 FCFCFC
74 240 ADACB0
76 6 8A8A92
76 8 E2E2E3
76 10 C9C9CC
76 12 96959D
76 16 BDBEBF
76 18 FAFAFA
76 20 CAC9CB
76 22 767678
76 24 FCFCFB
76 26 96959C
76 40 CDCCCE
76 42 F8F8F8
76 44 727279
76 60 FFFFFE
76 62 B2B2B6
76 68 1B1924
76 70 D4D2D4
76 72 FAFAF9
76 74 706F76
76 94 FDFCFC
76 96 9D9C9E
76 98 FCFCFD
76 100 FDFCFD
76 102 BFBDC0
76 104 7B787C
76 106 B6B3B7
76 144 1C1B25
76 146 89898B
76 148 B7B7BA
76 150 FDFEFD
76 152 A0A0A0
76 154 FEFEFE
76 156 DDDDDF
76 176 DADBDD
76 178 DEDFE0
76 180 74747B
76 186 D2D2D5
76 190 96969F
76 206 868588
76 208 FDFDFD
76 210 9A9BA1
76 222 95959B
76 224 FBFCF9
76 226 B4B4B6
76 228 BDBDC0
76 230 FCFCFB
76 232 9C9DA0
76 238 B5B5B7
76 240 F8F8F6
76 242 141725
78 6 B5B5BA
78 8 FCFCFC
78 10 BCBBC1
78 18 74727A
78 20 B7B6BA
78 22 FDFDFC
78 24 F8F8F9
78 26 BCBBC0
78 28 88898E
78 38 87878C
78 40 E5E5E6
78 42 7B7B82
78 62 A4A4A7
78 66 88888E
78 68 CACACB
78 70 E2E2E3
78 72 6C6D73
78 92 171625
78 94 FEFEFE
78 96 919098
78 98 1C1B26
78 100 95949A
78 102 F6F6F7
78 104 CFCFD1
78 106 9B9CA0
78 140 7A7B83
78 142 A5A5AA
78 144 D1D0D4
78 146 E3E3E3
78 148 C0C0C2
78 150 181721
78 152 16141F
78 156 B1B1B6
78 176 292933
78 178 D1D0D3
78 180 FAFAFA
78 182 BDBDC0
78 186 C0C0C5
78 188 FDFDFD
78 190 B2B3B9
78 208 CFCED1
78 210 F6F6F6
78 212 71717B
78 220 96949B
78 222 CBCBCB
78 224 FBFBF9
78 226 FBFBFB
78 228 CCCCCE
78 230 96969B
78 238 B0B0B4
78 240 FAFAF9
78 242 74747D
80 4 151729
80 6 F1F1F1
80 8 B3B3B6
80 10 7C7C83
80 20 2A2835
80 22 CBCBCC
80 24 C1C0C1
80 26 F9F8F9
80 28 E2E2E0
80 30 CECDCF
80 38 BFBFC2
80 40 BEBEC1
80 60 FEFEFD
80 62 96969A
80 66 8B8B90
80 68 FDFDFC
80 70 76767B
80 92 1B1926
80 96 9A9BA1
80 102 B6B5BC
80 104 BFBFC2
80 106 FBFCFB
80 108 BDBEBF
80 110 838587
80 138 1D1D2A
80 140 D3D3D6
80 142 FBFBFA
80 144 B1B1B4
80 146 A5A4AA
80 152 161521
80 154 FDFDFD
80 156 83838C
80 178 838288
80 180 B5B4B7
80 182 F5F6F4
80 184 1B1D25
80 186 B5B4BA
80 188 FCFCFD
80 190 B2B2B9
80 208 B2B2B6
80 210 FCFDFB
80 212 B6B7BA
80 218 AFADB2
80 220 F7F6F4
80 222 D0CFD1
80 224 838286
80 226 F8F8F7
80 228 88868E
80 238 B6B6BA
80 240 FAFAFA
80 242 BCBDC2
81 94 FDFDFE
82 6 FDFDFC
82 8 A5A6AA
82 20 C0C0C4
82 22 9A9A9D
82 26 1D1E27
82 28 B4B5B8
82 30 BEBFBF
82 32 24222F
82 36 A7A6AA
82 38 FDFDFB
82 40 3A3842
82 62 838185
82 64 868689
82 66 FCFCFC
82 68 D9D9D9
82 90 ABA9AE
82 92 A19FA4
82 96 A6A7AC
82 106 22202A
82 108 BEBEC0
82 110 E5E5E4
82 112 CDCDCF
82 114 A9A9AF
82 136 AEADB1
82 138 FBFBFA
82 140 BCBCBF
82 142 7F7F85
82 152 161824
82 154 FDFEFC
82 156 CECDCF
82 158 B7B6B9
82 160 86868B
82 182 B9B9B9
82 184 CCCCCB
82 186 C3C2C5
82 188 FBFBFB
82 190 92929B
82 210 B1B1B4
82 212 FDFDFD
82 214 AEAFB2
82 218 9A9AA0
82 220 C5C4C9
82 222 1C1C27
82 226 CAC9CD
82 228 F6F4F3
82 230 171626
82 240 C5C6CA
82 242 CBCCCE
84 4 1B1B26
84 6 FEFEFD
84 8 D0D1D3
84 20 A7A7AB
84 36 8C8C91
84 38 FCFCFC
84 40 191724
84 60 FDFDFC
84 62 6E6D6F
84 64 FCFCFC
84 66 D7D7D7
84 68 B5B4B9
84 88 8C8A93
84 90 878589
84 92 4F4D54
84 94 FEFEFE
84 96 B3B4B9
84 110 7E7D82
84 112 F9F9F8
84 114 FAFAFA
84 116 95959A
84 118 171825
84 132 808087
84 134 BBBBBE
84 136 FAF9FB
84 138 ABACB0
84 156 8C8B90
84 158 97979C
84 160 9D9BA1
84 162 1C1C2D
84 182 76747B
84 184 F9F9F7
84 186 F3F3F3
84 188 F9F9F9
84 190 B1B0B7
84 210 6E6D72
84 212 FDFDFE
84 214 86888D
84 226 828288
84 228 99999D
84 240 E2E3E6
84 242 C4C4C7
85 154 FDFFFD
86 4 C7C7CA
86 6 B0B0B4
86 34 808086
86 36 FAFAFC
86 38 808087
86 60 C9C9CA
86 62 F6F8F6
86 64 FDFCFC
86 66 9F9DA2
86 86 AFADB1
86 88 88888C
86 92 15151E
86 94 FDFDFC
86 96 C3C4C8
86 112 191926
86 114 A7A6AC
86 116 F9FAFA
86 118 F7F8F7
86 120 96959A
86 122 93939A
86 128 88888F
86 130 8C8B92
86 132 F9F9F9
86 134 D4D4D6
86 136 16161D
86 156 9C9DA3
86 160 26252D
86 162 A4A3AB
86 164 9E9FA6
86 184 C3C3C6
86 186 F8F8F7
86 188 717074
86 212 CCCCCF
86 214 F7F6F6
86 216 1A1A28
86 240 9A989F
86 242 F7F8F7
86 244 C0C2C5
88 4 D2D2D5
88 6 CBCCD0
88 32 74747E
88 34 D4D4D6
88 36 CECED1
88 38 7F8088
88 60 CBCBCC
88 62 FDFDFD
88 64 8A888E
88 84 26202A
88 86 B0AEB3
88 88 7C7C82
88 92 15151F
88 96 D8D8DC
88 116 B7B8BC
88 118 D4D5D5
88 120 FAFAFA
88 122 C9C9CB
88 124 1D1C25
88 126 181820
88 128 CACBCE
88 130 F7F8F6
88 132 8A898F
88 134 7C7B83
88 154 FDFEFC
88 156 ABACB0
88 162 A1A2A7
88 164 9C9DA2
88 166 1B1B2B
88 184 818087
88 186 D3D2D4
88 188 DEDEDD
88 190 6E6F75
88 212 757479
88 214 D0CFCF
88 216 9C9CA1
88 240 171623
88 242 F9FAFA
88 244 B0B2B4
90 2 AEAEB2
90 4 D2D2D4
90 6 9B9DA1
90 32 9C9CA0
90 34 FCFCFA
90 36 C6C6C9
90 58 1E1C29
90 60 FDFDFB
90 62 CDCDCF
90 64 1C1D2D
90 82 A2A2A7
90 84 B3B2B6
90 86 171726
90 96 ECECED
90 120 79777E
90 124 FDFDFD
90 126 FDFDFC
90 128 BFBEC2
90 130 74747C
90 154 FCFEFD
90 156 BDBDC2
90 164 1D2027
90 166 97979C
90 168 7A7B81
90 186 212129
90 188 FCFEFB
90 190 F9FAFB
90 192 85858C
90 214 CFD0D2
90 216 BBBABD
90 242 CACACC
90 244 B0B0B2
91 122 E2E2E3
92 2 C8C8CA
92 4 FDFDFC
92 6 141520
92 32 CCCDCE
92 34 FBFCF8
92 36 6A6A70
92 58 B6B6B9
92 60 FCFCFC
92 62 AAA9AE
92 80 1B1B27
92 82 9C9BA0
92 84 9C9BA0
92 94 FEFEFD
92 96 D8D9DA
92 118 191722
92 120 B8B7BB
92 124 D2D1D5
92 126 D5D5D8
92 128 B3B3B4
92 130 838288
92 154 FDFDFD
92 156 D4D4D7
92 166 7D7E81
92 168 8E8C91
92 170 151729
92 188 BABBBD
92 190 FCFDFC
92 192 B3B3B7
92 214 87878C
92 216 E3E3E3
92 218 8E8F94
92 242 9C9BA0
92 244 FDFDFD
94 2 A8A8AC
94 4 FDFFFC
94 30 101119
94 32 FEFFFE
94 34 FDFEFE
94 36 1A1A2A
94 56 72717A
94 58 D8D8DA
94 60 C5C7C8
94 78 929199
94 80 97969D
94 82 1F1E29
94 96 C3C4C7
94 116 AFB0B2
94 118 D1D2D4
94 120 E6E8E7
94 122 898A8B
94 128 848186
94 130 E5E4E5
94 132 CDCDD1
94 134 A8A9AE
94 156 ECEEEE
94 168 1C1C27
94 170 989699
94 188 A3A2A8
94 190 EDECEF
94 192 F8F8F6
94 194 A2A1A6
94 214 1D1B28
94 218 B2B3B7
94 242 BDBEC0
94 244 FDFFFC
94 246 1C1D29
95 154 FCFEFC
95 216 FDFEFF
96 2 CCCCCE
96 4 B0B1B2
96 30 14151A
96 32 FDFEFB
96 34 FDFDFD
96 56 ACADB0
96 58 FAFBFA
96 60 808183
96 78 8E8C93
96 80 B6B5BA
96 96 B3B4B8
96 112 D0CFD4
96 114 B5B4B7
96 116 F8F8F6
96 118 C4C4C6
96 120 919198
96 130 96949B
96 132 F4F4F6
96 134 FBFBFB
96 136 B2B2B6
96 138 686870
96 156 DCDEDF
96 168 141626
96 170 D6D3D6
96 172 929197
96 190 CAC9CC
96 192 F9F9F9
96 194 C9C9CC
96 196 0E1118
96 218 858689
96 232 1B1D2D
96 242 A4A6A7
96 244 CBCCCD
96 246 9C9EA4
97 152 181825
98 4 95969D
98 28 DDDDE1
98 32 B7B7B8
98 34 2C2D36
98 56 BAB9BC
98 58 FDFEFD
98 60 181A27
98 76 1A1B24
98 78 BEBDC2
98 94 FFFFFD
98 96 A6A7AB
98 108 9D9EA5
98 110 D8D8DA
98 112 E3E3E2
98 114 BBBABC
98 116 1B1828
98 118 888891
98 120 A8A9AE
98 122 909096
98 124 94949A
98 126 929297
98 128 A6A6A9
98 130 B3B2B6
98 132 1B1928
98 134 84838A
98 136 D5D4D6
98 138 FAFAFA
98 140 9FA1A2
98 142 A7A8AE
98 144 71717A
98 156 C4C6C8
98 170 615F67
98 172 8E8D91
98 190 1B1A25
98 192 D4D4D4
98 194 FEFEFC
98 196 D3D4D6
98 216 373741
98 218 B9BAB9
98 220 2F3138
98 232 7A7884
98 234 141728
98 244 B9BBBE
98 246 EDEEEF
99 30 FCFCFD
99 154 FDFFFC
100 2 FDFEFE
100 4 A4A6AC
100 28 BEBEC3
100 32 C1C1C3
100 54 1A1922
100 56 FDFDFD
100 58 B7B8BA
100 76 ACABB1
100 78 8D8D92
100 92 191724
100 96 9A9BA0
100 104 41404B
100 106 ACABB1
100 108 F6F7F6
100 110 B8B9B8
100 112 7B7A81
100 114 A4A3A7
100 116 C4C4C7
100 118 939296
100 120 9A999E
100 122 9E9DA3
100 124 97969C
100 126 8C8B91
100 128 A3A2A6
100 130 8E8D90
100 132 B9B9BB
100 134 C8C7CD
100 136 515059
100 138 868689
100 140 FAFAF9
100 142 F9F9F9
100 144 CDCED0
100 146 818089
100 152 171724
100 156 B1B3B7
100 172 ABAAAD
100 174 98979E
100 192 C5C4C6
100 194 FEFEFE
100 196 CCCCCE
100 218 C0C1C2
100 220 B4B6B8
100 244 C6C7C9
100 246 DADADC
102 0 171721
102 4 B7B8BD
102 28 A8A8AD
102 30 FEFEFE
102 32 CFCFD2
102 52 9C9CA0
102 54 8C8D90
102 56 FAFBF9
102 58 9B9CA2
102 74 79797F
102 76 97979C
102 92 181622
102 94 FEFEFD
102 96 929298
102 98 828388
102 100 838489
102 102 F8F8FA
102 104 E2E1E2
102 106 CECCCE
102 108 14111F
102 112 97939B
102 114 C0C0C4
102 116 161825
102 134 202026
102 136 9E9DA3
102 138 A1A0A5
102 140 181521
102 142 84838A
102 144 C8C8CB
102 146 F8F9F8
102 148 F5F6F5
102 150 A4A3A9
102 152 484750
102 154 FDFEFE
102 156 A2A4A9
102 172 181423
102 174 A19FA5
102 176 808088
102 194 B4B4B7
102 196 C6C6C8
102 198 A6A6A9
102 218 D1D3D4
102 220 FCFEFE
102 244 D5D5D8
102 246 C9CACD
104 0 191924
104 2 FDFEFD
104 4 CFD0D3
104 28 97989E
104 30 FDFEFD
104 32 DFE0E1
104 50 AAA8AE
104 52 C5C5C8
104 54 FAFBFA
104 56 CECFD0
104 58 8A8B91
104 74 99989D
104 76 9F9FA4
104 92 191724
104 96 D2D3D4
104 98 E1E2E3
104 100 FAFBFA
104 102 F3F2F4
104 104 9C9BA0
104 108 75737B
104 110 B6B5BA
104 112 6F6E77
104 136 B1B2B5
104 138 8A8A90
104 140 8E8D93
104 146 B4B4B7
104 148 D2D2D4
104 150 FDFDFC
104 152 C9C9CB
104 154 FDFDFE
104 156 95969D
104 174 9D9AA0
104 176 9D9DA4
104 194 C7C6C9
104 196 F5F5F5
104 198 959495
104 200 8E8C93
104 218 E3E4E5
104 220 FCFEFD
104 222 151623
104 244 E5E6E7
104 246 BCBDC0
106 0 727278
106 2 E3E4E4
106 4 C2C4C6
106 26 919199
106 28 A7A7AB
106 30 CFD1D2
106 32 CDD1D1
106 48 97969C
106 50 67656C
106 52 87868B
106 54 FEFEFD
106 56 CFD0D2
106 74 9D9EA1
106 76 B5B6BA
106 90 95949C
106 92 838287
106 96 D1D2D1
106 98 CBCBCE
106 100 72737A
106 106 67666D
106 108 BCB9BC
106 110 7E7D84
106 140 707174
106 142 969699
106 144 78777D
106 150 7D7E82
106 152 C1C1C2
106 154 FEFEFC
106 156 ABABAF
106 158 8A8992
106 174 87858D
106 176 919097
106 194 DFE0E1
106 196 FEFEFD
106 198 A7A7AA
106 200 6E6D71
106 202 8C8A92
106 218 B7B8BA
106 220 F9FAFA
106 222 7C7D81
106 244 BCBCBE
106 246 C9CACA
106 248 9B9CA3
107 94 FDFDFD
108 0 E0E0E2
108 2 B4B4B8
108 26 E0E0E3
108 28 FBFCFA
108 30 929297
108 46 919098
108 48 6F6E74
108 52 CECECF
108 54 FEFEFB
108 56 CECFD1
108 74 CBCCCC
108 88 9998A0
108 90 CCCBCF
108 92 FBFBFC
108 96 919196
108 104 7F7D83
108 106 969499
108 142 727276
108 144 9A9A9E
108 146 171924
108 152 1C1A23
108 154 FDFDFB
108 156 FCFDFA
108 158 E2E2E4
108 160 BCBDC1
108 162 161423
108 176 B7B6B9
108 194 A0A0A4
108 196 F6F6F5
108 198 CFCFD1
108 202 86858B
108 204 A6A6AD
108 218 13121B
108 220 FBFBFB
108 222 EEEFF0
108 244 161723
108 246 FAF9F9
108 248 F6F6F7
110 0 E5E5E6
110 2 BBBBC1
110 26 E6E6E6
110 28 FEFEFF
110 30 ACABB1
110 44 9A989D
110 46 73717B
110 52 A7A8AA
110 54 FCFDFE
110 56 151624
110 72 232029
110 74 BCBCC1
110 84 8B8A91
110 86 B5B5B8
110 88 CECDCF
110 90 9C9BA1
110 92 1D1B23
110 94 FDFDFC
110 96 9899A0
110 102 191B28
110 104 D2D1D2
110 106 B7B6BA
110 144 24232D
110 146 C5C5C8
110 148 A9A8AD
110 152 131220
110 154 FCFDFC
110 156 818285
110 158 828387
110 160 C3C3C4
110 162 FAF9F9
110 164 B0B0B5
110 166 8D8C95
110 176 B8B7BA
110 178 1F212B
110 196 8C8B90
110 204 838286
110 206 95949A
110 218 141220
110 220 FEFEFE
110 222 E4E5E7
110 244 111323
110 246 FBFBFB
110 248 FCFCFD
111 198 FDFDFC
112 0 DADADC
112 2 C3C3C9
112 10 1E1F29
112 12 ABACAF
112 14 A4A6A7
112 26 DBDCDC
112 28 FDFDFE
112 30 C3C3C8
112 40 2D2C33
112 42 97989B
112 44 7C7B82
112 52 CCCDCF
112 54 FCFEFE
112 56 181A2A
112 72 9E9BA2
112 74 716F77
112 80 1D1C2A
112 82 D0D0D3
112 84 E4E4E5
112 86 CCCCCE
112 88 747479
112 92 161521
112 94 FEFEFD
112 96 A1A3A8
112 102 B8B7BD
112 104 CCCBCF
112 146 9A999F
112 148 ACABB0
112 152 161621
112 154 FDFFFE
112 156 96989D
112 162 B3B3B6
112 164 D8D8D9
112 166 E3E2E5
112 168 BEBEC1
112 170 11111B
112 176 737277
112 178 A1A1A9
112 196 9C9B9F
112 206 777679
112 208 8C8B92
112 222 DBDBDD
112 234 727376
112 236 B6B7BA
112 238 14161F
112 244 131523
112 246 FCFCFB
112 248 FCFCFC
114 0 D1D1D3
114 2 CDCDD1
114 10 F3F4F4
114 12 CACBCD
114 14 F9FAF9
114 16 9EA0A1
114 26 D3D2D5
114 28 FDFCFD
114 30 DFDEE2
114 38 706E76
114 40 B2B1B5
114 42 939098
114 52 FDFEFC
114 54 FAFBFC
114 72 B0AFB5
114 74 171521
114 76 8E8D94
114 78 ACACAF
114 80 F3F4F4
114 82 C4C3C7
114 84 74747B
114 92 191824
114 96 ABACB1
114 100 1F1E27
114 102 FBFAFB
114 104 161722
114 148 B6B6B8
114 150 20202C
114 152 191822
114 154 FDFEFE
114 156 A2A3A8
114 166 828286
114 168 BEBEBF
114 170 F5F5F7
114 172 B8B9BB
114 174 92919A
114 178 CFCED3
114 196 A9A9AD
114 198 FEFEFD
114 208 6D6A72
114 210 919097
114 222 D1D2D5
114 232 727277
114 234 E1E0E3
114 236 BFBFC1
114 238 C0C1C4
114 244 141626
114 246 FDFDFD
114 248 FDFDFD
116 0 C9C9CB
116 2 D7D6DA
116 8 222229
116 10 CDCECF
116 12 626268
116 14 BABABB
116 16 C7C7C5
116 18 CDCDD0
116 26 C9C9CB
116 28 FEFEFE
116 30 C4C4C8
116 36 6E6C74
116 38 98979E
116 52 FCFEFD
116 54 B6B7BA
116 72 BCBBC0
116 74 BBBABE
116 76 E4E3E5
116 78 D0D0D3
116 80 939399
116 94 FEFEFE
116 96 B9BABE
116 100 A3A2A6
116 102 7E7D83
116 148 6D6C71
116 150 A4A2A9
116 154 FEFDFE
116 156 B0B1B6
116 170 ABACB0
116 172 F4F5F3
116 174 E0E0E2
116 176 B6B4B7
116 178 B3B2B5
116 196 B6B6B8
116 198 FDFDFC
116 200 151927
116 210 75737B
116 212 B8B7B9
116 214 787A82
116 220 FEFEFF
116 222 C8C9CC
116 232 B9B7BA
116 234 6F6F74
116 236 191A22
116 238 D4D4D5
116 240 6F7075
116 246 FEFEFD
116 248 FEFEFE
116 250 151827
118 0 C0C1C4
118 2 DFE0E3
118 8 E5E6E5
118 10 C1C3C6
118 16 BFBFC0
118 18 DADADB
118 26 C1C1C4
118 28 FFFEFE
118 30 A9A8AD
118 34 6C6B74
118 36 9A989D
118 50 15151F
118 52 FCFEFC
118 54 A8A9AB
118 66 ADAEB4
118 68 8F8E94
118 70 FCFCFA
118 72 FDFDFC
118 74 DDDCDE
118 76 6D6D74
118 96 C9C9CC
118 100 DADADA
118 102 191827
118 148 171724
118 150 D9D9DA
118 154 FDFDFE
118 156 C1C2C6
118 172 1C1B28
118 174 B7B7BC
118 176 C1C0C2
118 178 FCFCFA
118 180 C3C4C6
118 182 999AA0
118 196 C5C5C7
118 198 FEFEFC
118 200 151727
118 212 868388
118 214 B2B1B4
118 216 64646E
118 218 181423
118 222 C0C1C5
118 230 D3D3D5
118 232 FCFBFC
118 234 10121E
118 238 908E92
118 240 FAFAFA
118 242 131425
118 250 141726
120 0 B9BABE
120 2 EBEDEE
120 8 CBCCCD
120 10 D5D7D9
120 16 D7D6D7
120 18 C5C6C9
120 26 BAB9BD
120 28 FEFEFD
120 30 8F8F92
120 32 807E85
120 34 97969C
120 50 161621
120 52 FDFFFC
120 54 C2C4C5
120 60 1C1B2A
120 62 93939C
120 64 C3C3C6
120 66 F6F8F7
120 68 FDFDFC
120 70 8F8E93
120 72 C3C3C5
120 74 919099
120 94 FDFDFE
120 96 DCDDDE
120 100 C6C5C8
120 102 171827
120 150 C4C4C7
120 154 FCFEFE
120 156 D6D8DA
120 178 9D9DA2
120 180 BDBEC0
120 182 F9F9F8
120 184 B8B8B8
120 186 C0C1C6
120 188 171722
120 190 1C1B29
120 196 DADADC
120 198 FDFDFD
120 200 151726
120 216 95939A
120 218 63626A
120 222 B9BABE
120 230 ABABB0
120 238 B6B6B9
120 242 151725
120 250 131524
121 232 FDFDFD
121 240 FDFDFD
122 0 B2B4B7
122 2 F7F8F9
122 8 B8B8BA
122 10 EDEFF0
122 16 EFEFEF
122 18 B5B6BA
122 26 B3B3B7
122 30 6C6C6C
122 32 B2B1B5
122 50 161620
122 54 E6E6E7
122 56 A3A3A9
122 58 FDFDFE
122 60 FEFEFE
122 62 FEFEFE
122 64 FDFEFE
122 66 BFBFC2
122 68 1D1B29
122 94 FEFDFE
122 96 F1F1F2
122 100 B7B7BB
122 150 B6B6BA
122 154 FDFFFE
122 156 EEEFF0
122 182 33323B
122 184 FEFEFC
122 186 FCFCFC
122 188 FEFEFE
122 190 FDFDFC
122 192 F9FAF5
122 194 969599
122 196 F1F0F1
122 198 FEFDFD
122 200 161827
122 218 C5C5C6
122 220 FDFEFD
122 222 B3B4B9
122 230 939298
122 238 E4E4E4
122 242 151625
122 248 FEFDFE
123 28 FEFEFC
123 92 191725
123 250 141725
124 0 B6B8BB
124 2 EFF1F2
124 8 C3C4C6
124 10 DDDFE0
124 16 DFDFE0
124 18 BFC0C3
124 26 B7B7BA
124 30 929295
124 32 9D9CA0
124 34 807F87
124 50 13151F
124 52 FDFEFC
124 54 CECED0
124 56 7F7F86
124 58 B2B2B6
124 60 9E9DA3
124 62 CFCFD2
124 64 FDFDFD
124 66 E2E1E2
124 68 BDBCC0
124 70 1C1B25
124 72 181827
124 94 FEFEFE
124 96 E3E3E5
124 100 C1C1C4
124 150 C0C0C3
124 156 DFDFE2
124 178 191925
124 180 808087
124 182 B6B6B9
124 184 FDFEFC
124 186 FBFBFB
124 188 89898E
124 190 A9A9AB
124 192 B6B7B5
124 194 838388
124 196 E2E2E3
124 198 FEFEFC
124 200 161A26
124 216 8F8E93
124 218 919092
124 220 FDFDFD
124 222 B7B8BD
124 230 A1A0A5
124 234 161726
124 238 CDCDCF
124 240 FDFDFE
124 242 141523
124 246 FDFDFD
125 154 FDFDFE
125 232 FCFCFC
126 0 BDBFC2
126 2 E2E4E6
126 8 DCDDDD
126 10 C1C4C7
126 16 C9C8CB
126 18 D2D3D5
126 26 BFBEC1
126 28 FEFEFD
126 30 ACAAB0
126 34 B1AFB5
126 36 87868B
126 50 131620
126 54 AEAFB1
126 64 12101C
126 66 C8C7CB
126 68 C1C1C2
126 70 FBFBFA
126 72 F4F4F4
126 74 BFBEC3
126 94 FDFDFE
126 96 CECFD2
126 100 D3D3D6
126 102 181926
126 148 22212E
126 150 D2D3D4
126 156 C8C8CD
126 174 9D9EA1
126 176 939399
126 178 FCFCFC
126 180 D7D7D9
126 182 CFD0D2
126 184 212127
126 186 1B1C2A
126 196 CCCCCF
126 198 FEFEFD
126 200 151924
126 212 807F86
126 214 8C8B91
126 216 919095
126 218 14131E
126 222 BEBFC3
126 230 C4C3C7
126 234 171A28
126 238 AEADB0
126 240 FDFDFD
126 250 161928
128 0 C6C7CA
128 2 D7D9DC
128 8 C9CACA
128 10 ADAEB1
128 16 B5B6B7
128 18 E9E9EA
128 26 C6C6C9
128 28 FEFEFE
128 30 C8C7CB
128 36 908F94
128 38 6A6A70
128 50 161621
128 52 FDFFFC
128 54 898A8D
128 70 C4C5C7
128 72 CFD0CE
128 74 E1E2E1
128 76 C3C4C7
128 78 9999A0
128 80 191927
128 94 FDFDFD
128 96 BEBFC2
128 100 EAEAED
128 102 171622
128 148 1B1B26
128 150 E8EAEA
128 154 FDFEFE
128 156 B6B6BC
128 170 1B1C26
128 172 ABADB1
128 174 D1D2D3
128 176 F9FBFA
128 178 C3C2C4
128 180 9F9EA5
128 196 BBBBBE
128 198 FEFDFD
128 200 161924
128 210 171721
128 212 D8D6D9
128 214 A5A5AA
128 220 FEFEFE
128 222 C6C7CA
128 230 A5A7AA
128 232 C8C8C9
128 234 1A1C26
128 238 CDCDCF
128 240 B9BABC
128 248 FEFEFE
128 250 121523
130 0 CDCFD0
130 2 CED0D4
130 8 171622
130 10 FBFBFA
130 12 B5B4B7
130 14 BDBDC0
130 16 9B9A9E
130 26 CECED0
130 28 FEFFFE
130 30 E4E4E6
130 38 919095
130 40 818286
130 42 8E8E96
130 52 FDFFFD
130 54 F7F8FA
130 72 CDCDD0
130 74 1B1A20
130 76 AEADB1
130 78 D3D3D3
130 80 F7F7F7
130 82 9D9DA2
130 84 A3A2AA
130 94 FEFEFE
130 96 B0B1B5
130 100 16151F
130 102 F5F5F6
130 104 1A1C29
130 148 C6C7CA
130 150 181822
130 152 141621
130 154 FBFDFC
130 156 A7A9AF
130 166 858589
130 168 848488
130 170 FDFCFD
130 172 CECFD0
130 174 AAABAF
130 176 28252F
130 178 B5B3B8
130 196 ABACAF
130 198 FDFDFC
130 208 6A6A70
130 210 9B9A9E
130 212 A9A8AD
130 222 CECFD2
130 232 9E9EA3
130 234 CDCDD0
130 236 87878C
130 238 BEBFC2
130 244 151525
130 250 141626
131 248 FDFDFE
132 0 D6D8D9
132 2 C6C7CC
132 10 BEBEC0
132 12 F7F8F7
132 14 D2D2D2
132 16 919094
132 26 D6D6D8
132 28 FEFEFF
132 30 C8C7CC
132 40 AAAAAC
132 42 CDCDD0
132 44 181A26
132 52 FDFEFE
132 54 FDFDFE
132 72 C5C4C9
132 74 171520
132 78 A1A0A3
132 80 96969A
132 82 FDFDFE
132 84 CCCBCF
132 86 9F9EA5
132 92 191724
132 96 A4A5AB
132 102 FCFBFD
132 104 1C1C27
132 146 21202F
132 148 BBBBBE
132 152 171623
132 154 FCFEFC
132 156 9A9DA2
132 162 21222D
132 164 AEAEB3
132 166 CFCFD0
132 168 F8F9F7
132 170 89898D
132 172 75757D
132 176 242329
132 178 BBBBBF
132 196 9FA0A3
132 198 FDFEFC
132 206 27282E
132 208 96979B
132 210 65666C
132 222 D8D8DA
132 232 1A1B2A
132 234 F1F2F2
132 236 FDFDFD
132 238 7B7B80
132 244 141425
132 246 FDFCFC
133 220 FCFFFE
134 0 E1E3E3
134 2 BDBEC3
134 12 141621
134 26 E2E2E2
134 28 FDFEFE
134 30 AEAEB3
134 42 9C999F
134 44 C7C7CB
134 46 AFADB6
134 52 89888E
134 54 FCFCFC
134 56 191828
134 72 231F26
134 74 C5C5CB
134 82 1C1E28
134 84 A4A4A8
134 86 F3F3F3
134 88 A2A2A4
134 90 8C8B93
134 92 1E1C27
134 94 FEFEFD
134 96 9C9CA3
134 102 202028
134 104 C8C7CB
134 106 8C8B93
134 144 252432
134 146 C2C0C5
134 148 7B7A80
134 152 161625
134 154 FDFEFD
134 156 929399
134 158 808086
134 160 7E7E84
134 162 F9F9FA
134 164 C9C9CB
134 166 98979D
134 168 191823
134 176 CACACE
134 178 23222C
134 196 96969A
134 198 FCFDFC
134 204 6B6B6F
134 206 9C9BA0
134 208 20212A
134 222 E2E2E4
134 236 13151E
134 244 121222
134 246 FDFDFD
134 248 FDFDFD
136 0 EDEEEE
136 2 B3B3B9
136 26 EDEDED
136 28 FDFFFF
136 30 9B9DA2
136 44 A9A8AE
136 46 A1A0A6
136 48 161423
136 52 A7A7AB
136 54 FAFAFA
136 56 9E9FA5
136 72 1A1C21
136 74 C9C9CE
136 86 9B9BA0
136 88 CCCBCF
136 90 E0E0E1
136 92 B5B4B7
136 96 93939A
136 104 B6B5B7
136 106 8B8C90
136 144 96949A
136 146 BABBBF
136 152 141322
136 154 FEFFFE
136 156 CFCFD2
136 158 CACACD
136 160 F9F9FA
136 162 86868C
136 164 7E7E85
136 176 CFD0D2
136 178 1F1F2D
136 194 191923
136 196 C8C8CA
136 198 ECECEC
136 200 141827
136 202 282733
136 204 9B9CA0
136 206 7B7C83
136 218 151420
136 220 FEFEFE
136 222 EDEDEE
136 244 131322
136 246 FCFCFD
136 248 FDFDFC
138 0 A6A6A9
138 2 C6C6C8
138 4 85868C
138 26 D3D3D7
138 28 CFCFD0
138 30 A7A7AA
138 32 8D8D93
138 46 26272E
138 48 98979C
138 50 65656D
138 52 A5A4AA
138 54 FCFCFC
138 56 DBDDDD
138 74 98989D
138 76 84848C
138 90 817F85
138 92 BFBFC2
138 94 FCFCFB
138 96 ACABAD
138 98 AAAAAE
138 106 908E94
138 108 898990
138 140 918F94
138 142 9C9A9F
138 144 757379
138 150 86888D
138 152 838488
138 154 FCFDFD
138 156 CFCFD1
138 158 9B9AA1
138 160 161723
138 174 75757C
138 176 97989D
138 194 E9EAEA
138 196 FDFEFB
138 198 909094
138 200 77777B
138 202 A3A2A7
138 204 141623
138 218 7E7E82
138 220 FCFCFC
138 222 9C9EA2
138 244 7E7E83
138 246 E2E2E3
138 248 C1C1C5
140 0 12131C
140 2 F9FAFA
140 4 A1A3A9
140 28 8F8F93
140 30 FDFDFC
140 32 D7D8DA
140 48 69696F
140 50 97979D
140 52 7D7C82
140 54 FAFBFA
140 56 B9BABD
140 74 9D9DA1
140 76 9E9EA5
140 92 171620
140 94 FDFDFC
140 96 FDFDFD
140 98 E5E5E6
140 100 D1D1D4
140 102 28262E
140 108 97969B
140 110 BDBCC1
140 112 1E1F2D
140 138 1B1B26
140 140 A09FA5
140 142 828086
140 146 7C7B82
140 148 B9B8BE
140 150 D1D1D2
140 152 FCFCFC
140 154 FCFCFA
140 156 8F8F96
140 174 9A9AA1
140 176 9E9FA6
140 194 CFCFD1
140 196 FEFEFB
140 198 A2A2A4
140 200 A9A8AD
140 202 7D7C82
140 218 E5E6E7
140 220 FAFBFB
140 222 141622
140 244 E9E9EA
140 246 B6B6B9
142 0 14151F
142 2 FCFDFD
142 4 BDBFC3
142 28 A3A2A7
142 30 FCFCFA
142 32 D4D4D7
142 50 25252E
142 52 CAC9CD
142 54 C4C2C5
142 56 FAF9F9
142 58 A5A5AB
142 74 8E8E93
142 76 96969A
142 92 161420
142 94 FCFCFB
142 96 85848A
142 98 79787D
142 100 B9B9BB
142 102 F9F9FA
142 104 D9D9DB
142 106 A9A9AD
142 110 848188
142 112 A4A3AA
142 114 76767B
142 136 8C8C92
142 138 C5C5C9
142 140 26252F
142 142 7F7E86
142 144 838289
142 146 FCFCFC
142 148 F9F9F8
142 150 35343C
142 152 1C1A25
142 154 FEFEFE
142 156 9E9EA5
142 174 A5A5AA
142 176 AFB0B5
142 194 BABABE
142 196 E2E2E3
142 198 CDCDCE
142 218 D6D6D8
142 220 FCFDFE
142 244 DADADB
142 246 C2C3C6
144 0 171823
144 2 FDFEFD
144 4 A9ABB0
144 28 B8B8BD
144 30 FDFEFD
144 32 C4C5C7
144 54 18171E
144 56 FDFDFC
144 58 8E8E91
144 76 CDCDD0
144 78 171822
144 92 171722
144 96 96969D
144 102 9998A0
144 104 B4B4B7
144 106 FAFAF9
144 108 C3C3C6
144 110 727178
144 112 57555E
144 114 9B9B9E
144 116 CACACC
144 118 686970
144 120 151721
144 122 181929
144 124 191A2D
144 130 1D1D2A
144 132 C4C4C8
144 134 C9C9CC
144 136 78777E
144 138 24222C
144 140 C5C4C9
144 144 FAFAF9
144 146 9D9DA1
144 148 B3B3B9
144 152 151420
144 156 ACADB2
144 172 1A1A23
144 174 BCBCC2
144 192 85858A
144 194 E0E1E1
144 196 BCBDC1
144 218 C7C8CB
144 220 919296
144 244 CCCCCE
144 246 CECED2
145 142 D9D9D9
145 154 FDFFFE
146 2 FDFFFD
146 4 9A9CA1
146 14 7F7C87
146 16 7E7B86
146 28 D5D6D8
146 30 FEFFFE
146 32 B7B8BB
146 56 D6D6D8
146 76 15151E
146 78 CECDD2
146 96 A1A1A7
146 106 1A1922
146 108 CDCDCF
146 110 E4E4E5
146 112 CCCBD0
146 114 7A7880
146 116 1A1727
146 118 A3A3A9
146 120 D6D5D9
146 122 BABABD
146 124 B6B6B8
146 126 C7C7C7
146 128 BFC0C0
146 130 C2C2C5
146 132 191722
146 134 6B6972
146 136 B6B5B9
146 138 FCFCFD
146 140 BEBEC0
146 144 818386
146 152 171721
146 156 BDBEC2
146 170 7E7E87
146 172 A4A3A9
146 174 181821
146 192 A6A6A6
146 194 FEFEFB
146 196 DEE0E3
146 218 BBBDBD
146 220 3A3B43
146 232 7E7B85
146 244 C0BFC3
146 246 DDDEE0
147 58 FDFEFD
147 94 FEFEFD
148 2 FCFCFB
148 4 818286
148 14 7F7D88
148 16 7E7C87
148 30 CFD1D2
148 32 E2E2E1
148 34 B2B3B7
148 36 191A26
148 56 A4A4A7
148 60 1A1B21
148 78 97969B
148 80 88898F
148 96 AEAEB4
148 110 78777D
148 112 FCFBFB
148 114 F8F6F6
148 116 B8B6BD
148 118 898790
148 130 0E0D18
148 132 C9C9CD
148 134 E6E5E6
148 136 D6D6D7
148 138 A9A9AC
148 152 141622
148 154 FDFFFD
148 156 D3D4D6
148 170 838189
148 172 9B9AA2
148 190 BFBFC3
148 192 D3D3D3
148 194 F9FAF8
148 196 94969B
148 216 D3D3D5
148 218 DDDDDC
148 220 242533
148 232 7E7C86
148 244 B5B5BA
148 246 D1D2D5
150 2 838387
150 4 FCFDFC
150 30 111218
150 32 FEFEFD
150 34 FAFAFB
150 36 1A1A2C
150 56 919198
150 58 E4E4E4
150 60 C0C2C3
150 78 8D8E94
150 80 8B8A92
150 96 BEBEC2
150 112 191728
150 114 24232B
150 116 E0E1DF
150 118 FBFBFA
150 120 8C8B91
150 122 919096
150 128 74737A
150 130 CFCFD2
150 132 E4E4E4
150 134 B6B5B7
150 136 2C2933
150 154 FDFFFE
150 156 EDEEEE
150 168 171626
150 170 AAA8AD
150 188 9D9CA1
150 190 C9C8CC
150 192 FAFAF9
150 194 89888D
150 214 171624
150 216 FCFFFD
150 218 8D8F93
150 242 D5D6D9
150 244 FBFDFB
150 246 1D1F29
152 2 B0B0B2
152 4 FEFEFC
152 6 1B1B2A
152 32 FCFDFB
152 34 FCFCFB
152 36 232231
152 58 D1D1D1
152 60 E1E2DF
152 62 A4A5A9
152 80 6F6D75
152 82 96949B
152 96 D1D1D4
152 116 828389
152 118 9A999D
152 120 F9F9F9
152 122 D6D6D7
152 124 1C1A22
152 126 9E9DA3
152 128 CFCFD0
152 130 BEBEBF
152 132 B2B3B6
152 154 FCFEFD
152 156 DCDDDF
152 168 A9A6AF
152 170 858489
152 188 8F8F94
152 190 FCFCFC
152 192 CACACC
152 194 98989E
152 214 161422
152 216 FCFDFD
152 218 CDD0D2
152 242 AFAFB5
152 244 FDFEFE
152 246 1B1D28
154 2 B7B8BA
154 4 E3E3E3
154 6 838389
154 32 838285
154 34 FAFBF7
154 36 DDDEE0
154 58 99989E
154 60 FCFDFA
154 62 A9A9AD
154 82 78777C
154 84 8F8E93
154 94 FEFEFE
154 96 E9EAEB
154 120 56555D
154 122 CECED0
154 124 FDFDFD
154 126 FDFDFD
154 128 59585E
154 154 FCFEFE
154 156 C3C5C9
154 166 929499
154 168 82848C
154 186 2B2B36
154 188 FBFCFB
154 190 FDFEFD
154 192 C6C6CA
154 214 DCDDDE
154 216 BDBEC0
154 242 B2B2B5
154 244 D7D7D8
156 4 BDBEBE
156 6 CBCBCF
156 32 A2A1AA
156 34 FBFBFC
156 36 BFBFC3
156 60 FCFCFC
156 62 F9FAFA
156 64 1B1C26
156 84 C0BEC1
156 86 1E1E26
156 92 191926
156 96 EAE9EB
156 118 8C8B92
156 120 CACACB
156 122 F9F9FA
156 124 88888D
156 126 D5D5D5
156 128 E2E2E3
156 130 BEBEC3
156 132 131420
156 154 FDFEFE
156 156 B1B2B7
156 164 8E8C93
156 166 717276
156 186 A3A2A9
156 188 FDFEFD
156 190 F3F3F4
156 192 86868D
156 214 BEBEBF
156 216 CCCDCF
156 240 141524
156 242 F5F5F3
156 244 9E9EA1
158 4 D1D1D2
158 6 B3B4B8
158 34 949399
158 36 F8F8F8
158 38 A5A6AB
158 60 D9D8DA
158 62 E4E5E4
158 64 F1F2F3
158 66 818289
158 84 181522
158 86 9F9EA3
158 88 7A797F
158 92 181926
158 94 FEFDFE
158 96 D1D0D3
158 114 92929A
158 116 BBBBBE
158 118 F9F9F7
158 120 C0BFC1
158 122 89898F
158 128 77777D
158 130 E0E0E1
158 132 CECDD0
158 134 9E9EA3
158 154 FDFEFD
158 156 A2A3A9
158 162 8E8F97
158 164 6B6C72
158 184 7B797F
158 186 D1D1D2
158 188 B2B2B4
158 190 191722
158 212 B4B3B6
158 214 F9F8F9
158 216 171821
158 240 5E5F67
158 242 F8F8F8
158 244 B4B4B9
160 4 6F6F75
160 6 E0E0E2
160 8 8F8F96
160 34 1C1C28
160 36 F0F0F0
160 38 919394
160 60 E4E4E4
160 62 848487
160 64 FBFBFC
160 66 B7B8BA
160 86 75737B
160 88 A09DA4
160 90 211F2A
160 92 191926
160 94 FDFDFD
160 96 BEBEC1
160 110 0E0E1A
160 112 B7B8BB
160 114 DFDFE1
160 116 D6D6D9
160 118 A2A3A7
160 130 8E8E95
160 132 B8B7BB
160 134 FCFBFB
160 136 B7B6BA
160 138 7A7A83
160 154 FCFDFB
160 156 95969C
160 158 201F2E
160 160 8D8A93
160 162 777983
160 182 1E1C28
160 184 D7D6D9
160 186 F4F3F2
160 188 DDDCDE
160 190 9F9EA6
160 210 1F1E24
160 212 F7F8F6
160 214 B0B0B5
160 240 CCCDD0
160 242 CDCDCF
160 244 7D7D84
162 4 1A1A25
162 6 FEFEFD
162 8 B1B2B5
162 20 BABABE
162 22 706F74
162 28 A2A1A8
162 30 9A9BA0
162 36 9B9A9E
162 38 FCFDFC
162 40 1A1C26
162 60 FEFDFD
162 62 757479
162 64 BAB9BF
162 66 FBFBFB
162 68 BDBDC0
162 88 1F1C26
162 90 C4C3C6
162 92 7C7B7F
162 94 FCFCFD
162 96 AEAFB4
162 108 A5A5A9
162 110 CFCFD1
162 112 E2E2E2
162 114 CCCDD0
162 134 98979D
162 136 D4D4D6
162 138 FBFBFB
162 140 98999D
162 142 A8A8AC
162 152 161825
162 154 FCFEFC
162 156 9C9B9E
162 158 D5D4D8
162 160 8C8B91
162 182 BFBFC3
162 184 E2E2E3
162 186 DEDEDE
162 188 FBFBFD
162 190 D7D7DE
162 210 C0C0C3
162 212 FCFCFC
162 214 B5B5BC
162 218 92949C
162 220 9D9FA5
162 226 A5A6AB
162 228 CDCECE
162 230 181724
162 240 C3C3C7
162 242 C4C4C7
164 4 1B1C29
164 6 FAFAF8
164 8 87888C
164 20 7A7A81
164 22 BABABB
164 24 1F1E22
164 26 929295
164 28 FAFAF7
164 30 FAFAF7
164 32 1A1926
164 36 A6A5A9
164 38 D2D2D3
164 40 9B9CA0
164 60 FEFEFD
164 62 96969B
164 66 B1B1B2
164 68 F7F7F5
164 70 141421
164 92 6C6B72
164 94 FDFDFD
164 96 A1A2A9
164 104 7A7981
164 106 B3B2B7
164 108 FDFDFD
164 110 B6B7B8
164 112 8A8A91
164 136 84848C
164 138 8E8E92
164 140 FCFCFB
164 142 D3D4D5
164 144 6E6E74
164 152 141521
164 154 FCFEFD
164 156 B0B1B4
164 158 7C7D84
164 180 87878D
164 182 E3E3E5
164 184 79797D
164 186 B3B3B6
164 188 FCFBFD
164 190 9899A3
164 208 B1B2B5
164 210 E3E4E3
164 212 C8C8CA
164 214 92929A
164 218 D1D1D4
164 220 F3F3F4
164 222 97979E
164 224 25252F
164 226 F3F3F2
164 228 B6B5B8
164 238 8C8C92
164 240 E2E2E4
164 242 C6C6CA
166 6 D5D6D8
166 8 F9F9F9
166 10 7B7B83
166 20 78797E
166 22 FDFDFD
166 24 FBFBFC
166 26 D1D1D3
166 28 98979A
166 30 181820
166 38 A09FA3
166 40 CCCCCD
166 42 9D9DA1
166 60 FEFDFD
166 62 9E9EA3
166 66 919094
166 68 E4E4E3
166 70 C8C8CB
166 72 6E6E75
166 92 13121E
166 94 FDFDFC
166 96 97969C
166 100 949499
166 102 88888D
166 104 E5E5E6
166 106 C5C4C8
166 108 161921
166 140 898891
166 142 D1D1D5
166 144 E1E1E2
166 146 DADADC
166 148 B7B7BB
166 152 151520
166 154 FEFFFF
166 156 A6A7AD
166 178 B8B7BB
166 180 FDFDFD
166 182 CFCED0
166 186 BBBBC0
166 188 FDFDFD
166 190 B4B5BC
166 208 BEBDC1
166 210 FCFCFB
166 212 9B9BA2
166 218 211F2A
166 220 B2B0B6
166 222 FBFBFC
166 224 F8F8FA
166 226 F6F6F5
166 228 BFBFC1
166 238 BBBBBE
166 240 FCFCFC
166 242 9E9EA5
168 6 ABAAB2
168 8 FDFCFC
168 10 B7B8BB
168 16 2A2A33
168 18 C5C6C8
168 20 E6E7E6
168 22 F9FAF8
168 24 F9F9F9
168 26 96959C
168 38 23232D
168 40 FCFDFD
168 42 CBCCCD
168 44 151725
168 60 FDFDFC
168 62 ACADB1
168 68 828187
168 70 FBFAF9
168 72 CACACC
168 74 161624
168 94 FDFDFD
168 96 717076
168 98 AFAEB4
168 100 E7E6E8
168 102 FDFCFC
168 104 757376
168 144 787780
168 146 E9E8EA
168 148 FAFAFA
168 150 CCCCCF
168 152 55555A
168 154 FEFEFF
168 156 D0D1D4
168 176 919198
168 178 FDFDFC
168 180 C3C3C4
168 182 7E7D81
168 186 C8C9CD
168 188 FDFEFE
168 190 C6C6CC
168 206 303037
168 208 FAF9FA
168 210 ADAEB0
168 222 AEADB3
168 224 FAF9F9
168 226 F7F7F7
168 228 F9F9F8
168 230 C5C6C9
168 232 84848B
168 238 919094
168 240 FAFAF9
168 242 181927
170 8 BEBEC1
170 10 FAFAFA
170 12 C0C0C5
170 16 A0A1A4
170 18 D1D1D4
170 20 87868D
170 22 818187
170 24 D9D9DA
170 26 A7A6AC
170 40 8D8D91
170 42 FAFBF9
170 44 C6C7CA
170 60 FEFDFE
170 62 BCBDC0
170 70 717074
170 72 E3E3E2
170 74 CFCFD1
170 76 89898E
170 92 171623
170 94 FCFCFB
170 96 FCFCFC
170 98 F9F9FA
170 100 D8D7DB
170 102 212026
170 104 CECED2
170 106 C8C7CC
170 108 898890
170 110 797880
170 140 75757D
170 142 8B8B93
170 144 87878D
170 146 919197
170 148 1E1E28
170 150 D6D7D7
170 152 FCFCFB
170 154 FEFEFE
170 156 D0D0D3
170 174 C6C7CB
170 176 F9FAFA
170 178 98989D
170 186 D4D6D8
170 188 FBFCFD
170 190 AEB0B7
170 206 C1C1C5
170 208 E4E4E6
170 210 B1B1B7
170 222 B4B3B8
170 224 FCFBFB
170 226 1D1C26
170 228 8E8D94
170 230 CDCED0
170 232 A1A2A5
170 238 F7F7F7
170 240 F7F7F8
172 8 807F83
172 10 FDFDFE
172 12 A0A0A4
172 24 B2B2B6
172 26 F6F6F7
172 28 1A1C2B
172 40 A0A0A7
172 42 F6F7F7
172 44 E2E3E5
172 46 94959D
172 60 FEFEFE
172 62 D0D0D2
172 72 77777E
172 74 FDFCFC
172 76 D2D2D3
172 92 191625
172 94 FEFDFD
172 96 F9F9FB
172 98 8C8B93
172 100 66646F
172 108 A3A1A7
172 110 97979B
172 112 CFD0D2
172 114 909194
172 120 191B2A
172 122 191A29
172 124 191A29
172 126 191928
172 128 1B1A2A
172 134 23232E
172 136 C6C6CB
172 138 BEBFC2
172 140 9E9FA3
172 142 8B8B91
172 144 A1A2A9
172 150 B3B4B6
172 152 D5D5D8
172 154 FDFDFD
172 156 A5A5AB
172 172 9B9CA1
172 174 FCFDFC
172 176 ADADB1
172 186 E2E4E6
172 190 A7A9B0
172 204 727279
172 206 E5E5E5
172 208 CECED1
172 220 141627
172 222 F7F7F7
172 224 A9A9AC
172 236 27262F
172 238 D3D4D5
172 240 A3A3A9
173 188 FCFDFE
174 8 1D1C26
174 10 FEFEFE
174 12 F2F2F1
174 14 93939A
174 42 201F27
174 44 FDFCFE
174 46 B5B4B8
174 58 181823
174 60 FDFEFD
174 62 E7E9E9
174 74 838187
174 76 E3E3E2
174 78 E2E2E3
174 80 B4B2B7
174 92 706F77
174 94 BDBCBF
174 96 1E1E29
174 112 141520
174 114 9D9DA2
174 116 EEEFF0
174 118 DDDEDE
174 120 CDCDCF
174 122 BFBFC2
174 124 B4B5B9
174 126 BBBBBE
174 128 C7C8C9
174 130 D4D5D5
174 132 DDDDDD
174 134 C1C1C5
174 136 12111D
174 138 161623
174 154 7E7F82
174 156 8B8B91
174 170 ADABB1
174 172 FBFBFB
174 174 929397
174 186 D2D3D8
174 190 ABACB3
174 202 22212B
174 204 FBFAFB
174 206 CBCACB
174 208 151823
174 222 161624
174 234 A9A8AF
174 236 FAFAFB
174 238 D0D1D4
176 10 C3C3C6
176 12 F9FAF7
176 14 BCBCC1
176 44 BBBABE
176 46 FBFCFC
176 48 A0A1A7
176 58 181723
176 60 FDFFFD
176 62 DFE0E0
176 76 9C9C9F
176 78 F7F6F5
176 80 CDCDCF
176 82 A5A6AE
176 92 BEBFC0
176 94 666770
176 156 BEBEC0
176 158 1A1B24
176 166 797981
176 168 B3B3B6
176 170 FBFBFB
176 172 AFAFB2
176 186 BABBC0
176 188 FBFDFE
176 190 A3A5AD
176 202 99989D
176 204 D1D1D3
176 206 77777D
176 234 919195
176 236 FEFEFC
176 238 818289
178 12 C4C3C7
178 16 AAAAAF
178 46 BBBBBF
178 48 C8C8CC
178 50 71737B
178 58 171622
178 62 C9C9CD
178 78 2A2933
178 80 9E9DA1
178 82 FCFDFC
178 84 C6C8C9
178 86 919299
178 92 BBBCC0
178 156 BEBDC1
178 164 797880
178 166 F9F9F7
178 168 FCFCFA
178 170 8B8B90
178 186 B9BBBF
178 190 9FA0A9
178 200 ACACB1
178 202 FBFBFA
178 204 9C9DA3
178 232 8E8E91
178 234 FEFEFD
178 236 F9F8F9
178 238 17192A
179 60 FEFEFF
179 188 FCFDFF
180 12 706F78
180 14 FCFCFD
180 16 8E8E92
180 46 81818A
180 48 FCFCFB
180 50 CDCFD1
180 52 201E30
180 58 191723
180 62 B6B7BB
180 82 C9C8CB
180 84 F9FAF9
180 86 DCDCDE
180 88 86888E
180 162 BFBFC3
180 164 E3E3E4
180 166 D7D7D6
180 168 A1A1A5
180 186 C6C8CC
180 190 999BA4
180 198 24232A
180 200 FDFCFC
180 202 BFBFBF
180 232 BEBFC0
180 234 D3D3D4
180 236 ABAAB0
182 12 151624
182 16 FEFEFD
182 48 828386
182 50 E3E3E4
182 52 C6C5C9
182 58 161520
182 60 FEFEFD
182 62 A8A8AC
182 84 202129
182 86 D7D8D8
182 88 FCFCFC
182 90 D4D3D3
182 92 B3B3B8
182 156 88898F
182 158 A4A5A9
182 160 D7D7D8
182 162 DFDFDF
182 164 ABABAF
182 166 21212C
182 186 C8C9CF
182 188 FDFEFE
182 190 95979F
182 196 97969C
182 198 D3D2D5
182 200 E0E1E1
182 202 8D8F93
182 230 9D9CA2
182 232 FCFCFB
182 234 999A9E
184 14 9C9CA2
184 16 D1D1D2
184 18 BEBEC0
184 20 898B92
184 50 CECECF
184 52 E1E2E1
184 54 73757A
184 58 16141F
184 60 FEFDFE
184 62 9B9CA1
184 86 808186
184 88 8C8B91
184 90 FCFCFB
184 92 F9F9F9
184 94 B5B5B8
184 96 7A7B83
184 152 262530
184 154 BDBDC0
184 156 DFE1E0
184 158 FCFEFC
184 160 BCBCBD
184 162 88878D
184 186 BEBFC5
184 188 FCFDFE
184 190 8F9097
184 194 21202D
184 196 D1D0D3
184 198 FCFCFB
184 200 818084
184 214 8E8E97
184 228 1D1D2E
184 230 CECED0
184 232 FDFEFC
184 234 1C1C26
186 16 A0A2A4
186 18 F9F9F8
186 20 B3B3B6
186 50 201E2A
186 52 D0D0D2
186 54 F7F7F7
186 56 8D8B93
186 58 17161F
186 60 FEFEFD
186 62 929399
186 90 706F75
186 92 B1B1B3
186 94 D3D3D4
186 96 FCFCFC
186 98 D5D5D8
186 100 A4A4AA
186 102 A4A6AC
186 146 A1A3A6
186 148 B0B1B5
186 150 AFB0B3
186 152 FBFBFC
186 154 DADADA
186 156 B0B0B3
186 158 22202D
186 186 B6B6BB
186 188 FCFBFD
186 190 8A8993
186 192 707176
186 194 CECFD0
186 196 E7E6E8
186 198 7E7E83
186 228 BFC0C4
186 230 FBFCFC
186 232 9C9CA1
188 16 23232F
188 18 FDFDFC
188 20 D2D3D4
188 22 12151F
188 52 9D9EA1
188 54 DFDFDF
188 56 E6E5E7
188 58 5D5D62
188 60 FCFCFC
188 62 CCCCCF
188 64 B9B9BD
188 66 BFBFC3
188 68 C7C7CA
188 70 D1D1D3
188 72 DBDBDD
188 74 E6E6E8
188 76 F4F4F5
188 78 EFEFF0
188 80 E3E3E4
188 82 D8D8DA
188 84 CDCDD0
188 86 C4C5C8
188 88 BDBDC0
188 90 B5B4B7
188 92 B9B8BB
188 94 A5A5A7
188 96 686868
188 98 FDFDFD
188 100 FEFEFF
188 102 FCFDFC
188 104 B9BBBD
188 106 C6C6C9
188 108 1A1822
188 110 171620
188 138 161624
188 140 6F7077
188 142 CDCED1
188 144 C7C7CB
188 146 CECECF
188 148 FDFEFD
188 150 FCFEFC
188 152 A0A1A2
188 154 D3D3D5
188 156 B1B1B4
188 158 B6B5B9
188 160 BFBFC2
188 162 C7C8CB
188 164 D1D1D4
188 166 DCDBDE
188 168 E6E6E8
188 170 F4F4F5
188 172 F0EFF1
188 174 E3E3E5
188 176 D7D8DA
188 178 CCCED0
188 180 C5C6C8
188 182 BEBEC2
188 184 B4B3B8
188 186 E2E2E3
188 188 FCFCFB
188 190 79797D
188 192 C9CBCC
188 194 FAFCFA
188 196 707176
188 226 78787F
188 228 E4E5E6
188 230 E0E2E2
188 232 8A8A91
190 18 8A8991
190 20 FAFBF8
190 22 C1C1C6
190 54 252533
190 56 C7C8CA
190 58 FAFAF9
190 60 E0E0E0
190 62 B1B2B6
190 64 B4B5B9
190 66 B7B8BB
190 68 BBBBBF
190 70 BDBDC1
190 72 C0C1C5
190 74 C4C6C8
190 76 C8C9CC
190 78 CCCDD0
190 80 D0D2D3
190 82 D4D5D7
190 84 D9DADB
190 86 DEDEE0
190 88 E4E4E4
190 90 E8E8E9
190 92 ECECEB
190 94 C8C9C9
190 96 C9C9CC
190 98 292734
190 100 A1A0A5
190 102 D5D5D7
190 104 BABABD
190 106 E6E6E4
190 108 FCFCFA
190 110 FCFCFB
190 112 F9FAFA
190 114 B7B8BB
190 116 A2A4A6
190 118 B0B1B3
190 120 C4C4C6
190 122 DCDDDF
190 124 EEEEEF
190 126 D2D2D4
190 128 BBBBBC
190 130 A9AAAC
190 132 9A9B9E
190 134 848587
190 136 FEFEFE
190 138 FEFFFF
190 140 FEFEFC
190 142 FBFBF9
190 144 D1D0D2
190 146 C9CACC
190 148 CBCDCE
190 150 16161F
190 152 A0A0A5
190 154 F4F4F5
190 156 EFEFEF
190 158 E9EAEA
190 160 E3E4E5
190 162 DEE0E1
190 164 DADBDD
190 166 D6D6D8
190 168 D0D0D4
190 170 CBCCCF
190 172 C7C9CC
190 174 C4C5C9
190 176 C0C2C5
190 178 B8BABF
190 180 B7B9BD
190 182 B7B8BA
190 184 B6B6B9
190 186 B6B6B9
190 188 C9C9C9
190 190 FAFAFA
190 192 E2E2E3
190 194 6F6E75
190 224 5F5E66
190 226 F9FAF8
190 228 F6F6F5
190 230 1B1E26
192 18 84838B
192 20 CECDCF
192 22 DFDFE1
192 24 73747B
192 56 6E6E76
192 58 D6D7D6
192 60 DFDFE0
192 62 7C7B81
192 106 908F95
192 108 BEBDBF
192 110 7C7B7E
192 112 B3B3B5
192 114 FDFEFD
192 116 FEFEFD
192 118 FEFEFD
192 120 FFFEFD
192 122 FEFEFE
192 124 FEFEFE
192 126 FEFEFD
192 128 FEFDFC
192 130 FEFDFC
192 132 FEFDFD
192 134 FDFCFC
192 136 8B898E
192 138 C4C3C8
192 140 858488
192 142 ACACAE
192 144 A0A1A7
192 186 47464E
192 188 D0D0D2
192 190 F2F2F2
192 192 727078
192 222 9D9CA3
192 224 D7D6D8
192 226 F9F9F9
192 228 B0AFB4
194 20 1D1C29
194 22 D7D6D8
194 24 FAFAFA
194 26 A7A6AC
194 48 C9CACE
194 50 9D9DA4
194 52 9C9DA3
194 54 A9A9B0
194 60 CBCACD
194 62 FCFBFB
194 64 939297
194 66 9A999F
194 108 8A898E
194 110 ADABAF
194 118 141524
194 120 141524
194 122 141523
194 124 141523
194 126 131422
194 128 141522
194 140 929097
194 142 818086
194 184 AFAEB3
194 186 F9F9FA
194 188 8F8F92
194 190 151720
194 194 C5C6C9
194 196 CDCDD0
194 198 6F6E74
194 222 ACABB0
194 224 F9FAFA
194 226 898A8E
196 22 757478
196 24 B5B4B6
196 26 F9F9F9
196 28 8E8D96
196 46 151621
196 48 FAFBFC
196 50 FBFCFB
196 52 FDFFFC
196 54 FBFBFA
196 56 151425
196 60 807F85
196 62 86858A
196 64 FBFAFB
196 66 E0DFE0
196 68 7C7B81
196 108 74727A
196 110 BFBEC2
196 112 9C9CA3
196 138 AAA8AB
196 140 74727B
196 180 7F8087
196 182 BCBCC1
196 184 FBFAFB
196 186 B5B5B7
196 194 797982
196 196 FAFAF8
196 198 CFCFD0
196 200 202027
196 204 1A1A2A
196 218 12121C
196 220 B6B5BB
196 222 F6F6F5
196 224 B9B9BD
198 24 87878E
198 26 E2E1E3
198 28 F9F9FA
198 30 B4B4B7
198 48 43424B
198 50 C9CACB
198 52 F6F7F6
198 54 FBFCFC
198 56 171826
198 64 1A1923
198 66 DAD9DA
198 68 FDFDFC
198 70 CDCDD1
198 72 6E6F76
198 110 1D1B29
198 112 99989D
198 114 77767E
198 136 8A888E
198 138 9D9BA0
198 176 96969D
198 178 B7B6BA
198 180 FDFDFD
198 182 CACACC
198 184 1E1F2B
198 196 1D1B26
198 198 AFADB1
198 200 C9C9CB
198 202 45434E
198 204 E9E9EC
198 206 AEB0B5
198 218 C6C5C9
198 220 FDFDFC
198 222 B8B8BC
200 26 717077
200 28 FCFCFB
200 30 FCFDF9
200 32 919094
200 46 1A1A26
200 48 CACACC
200 50 B7B7B9
200 52 B5B4B7
200 54 FCFEFE
200 56 181B2A
200 66 A4A4A7
200 68 D0CFD2
200 70 FBFCF9
200 72 CDCECE
200 74 1A1A24
200 112 74737B
200 114 A8A6AD
200 116 1D1D2C
200 136 A5A4A6
200 138 6F6E76
200 174 67676F
200 176 E2E2E4
200 178 FCFCFC
200 180 B8B8BB
200 182 929296
200 198 66646D
200 200 F0F0F0
200 202 C3C3C5
200 204 F0F0F2
200 216 696971
200 218 E4E4E5
200 220 F7F6F8
200 222 77767F
201 206 9D9FA5
202 28 7B7B83
202 30 BCBBBD
202 32 F9F7F9
202 34 BAB8BC
202 44 959399
202 46 CFCED1
202 48 C1C2C5
202 50 8D8E94
202 52 B2B3B5
202 54 C8CACC
202 70 717177
202 72 E1E2E1
202 74 FBFDFB
202 76 BABBBC
202 114 1D1D25
202 116 B9B9BF
202 132 929197
202 134 A7A6AB
202 170 6D6D74
202 172 CCCDD0
202 174 F9FAFA
202 176 CDCDCF
202 178 1C1D28
202 198 9A99A1
202 200 9A99A0
202 202 F6F6F6
202 204 FDFEFD
202 214 6A6971
202 216 FAFBFC
202 218 D2D1D3
202 220 272631
204 32 B4B3B8
204 34 FDFDFD
204 36 929197
204 44 DCDDDD
204 46 CACBCC
204 72 898A90
204 74 B2B2B5
204 76 F8F8F8
204 78 B9B8BC
204 80 BDBDC2
204 82 181623
204 116 8D8C92
204 118 6D6C75
204 130 201E2A
204 132 AAA9AE
204 134 8D8D91
204 166 1A1923
204 168 9E9DA2
204 170 CCCECF
204 172 F8FAFA
204 174 95969A
204 176 84848B
204 198 CBCBCD
204 200 F7F7F8
204 202 FBFCFA
204 204 FEFEFE
204 206 C9CACE
204 212 75737B
204 214 DEDDDF
204 216 D3D2D4
204 218 95949A
206 34 99999C
206 36 FAFBFB
206 38 C3C3C6
206 44 B5B5B9
206 46 91929A
206 76 302D3B
206 78 D0CFD2
206 80 E3E2E3
206 82 F8F7F6
206 84 99979B
206 118 8F8C93
206 120 6D6D75
206 130 BAB8BF
206 132 1E1D2A
206 164 919096
206 166 F6F5F7
206 168 D4D3D6
206 170 D2D3D6
206 172 73747E
206 200 171723
206 202 181824
206 210 686972
206 212 FAFCFC
206 214 F6F7F6
206 216 1E1F29
208 36 BABBBC
208 38 FBFBFA
208 40 AFADB5
208 80 939097
208 82 A19FA3
208 84 A3A1A3
208 86 C8C9CC
208 88 CDCED0
208 90 16151E
208 120 9A999E
208 122 A9A9AF
208 128 75737B
208 130 8A898F
208 158 20202B
208 160 9C9CA1
208 162 C7C7C8
208 164 E5E5E5
208 166 F6F6F7
208 168 A4A4AA
208 208 7F8088
208 210 DDDEE0
208 212 F9F9F7
208 214 B9BBBF
210 38 8F8F93
210 40 FCFBFC
210 42 C6C7CA
210 84 9D9CA3
210 86 C3C3C6
210 88 E3E3E4
210 90 FEFEFD
210 92 B6B7B9
210 94 9A9BA1
210 96 B1B2B8
210 98 CDCED2
210 100 999AA3
210 120 908E97
210 122 9A989F
210 126 908E94
210 128 A3A0A8
210 150 D6D6DA
210 152 B2B2B7
210 154 96979C
210 156 D4D4D5
210 158 FEFEFD
210 160 CFCED0
210 162 D0CFD2
210 164 808087
210 166 161525
210 206 808088
210 208 F7FBF9
210 210 CCCDCF
210 212 9998A0
212 40 C6C6C8
212 42 FBFDFC
212 44 939499
212 64 101420
212 66 878891
212 88 B0B0B4
212 90 A3A4A8
212 92 CCCDD0
212 94 FCFDFE
212 96 FBFDFD
212 98 FAFCFB
212 100 F3F5F4
212 102 20202A
212 104 20202E
212 122 7C7A82
212 124 BBBABC
212 126 9A9A9D
212 144 1D1B29
212 146 1E1E2B
212 148 1A1A24
212 150 FDFEFD
212 152 FDFEFC
212 154 FAF9FA
212 156 C4C4C6
212 158 BFBFC2
212 160 A8A6AC
212 204 7D7D83
212 206 E3E3E4
212 208 F6F9F8
212 210 909198
214 42 9FA0A4
214 44 FBFCFC
214 46 AAABAE
214 48 909099
214 84 9A9AA2
214 86 898A90
214 94 21232B
214 96 BBBCBD
214 98 CFCFD0
214 100 B8B8BA
214 102 FDFDFE
214 104 FEFEFE
214 106 FEFEFE
214 108 D6D5D7
214 110 C6C6CA
214 112 DADBDE
214 114 C6C8CD
214 116 B6B7BD
214 118 A5A5AB
214 120 95969F
214 122 8E8E95
214 124 9F9EA2
214 126 ACABAF
214 128 8C8E94
214 130 97979E
214 132 A6A6AB
214 134 A4A4AA
214 136 9B9CA3
214 138 818086
214 140 FDFDFD
214 142 FEFEFC
214 144 FEFEFD
214 146 FDFDFD
214 148 FAFBFB
214 150 B9BBBD
214 152 C8C8CD
214 154 1D1C28
214 162 95969A
214 164 ABABB0
214 200 807F87
214 202 8E8E94
214 204 FAF9FA
214 206 DCDCDC
214 208 181723
216 44 ADADB0
216 46 F9F9F7
216 48 E2E2E4
216 50 707178
216 84 B7B6B9
216 86 B7B8BA
216 102 DEDEE1
216 104 BABCBE
216 106 9B9DA1
216 108 ADADB0
216 110 F9FAFB
216 112 FDFEFF
216 114 FDFEFE
216 116 FCFDFE
216 118 FCFBFD
216 120 FBFBFD
216 122 FAF9FA
216 124 FBFBFA
216 126 FBFBFB
216 128 FBFBFB
216 130 FCFCFC
216 132 FCFCFB
216 134 FCFCFB
216 136 FCFCFC
216 138 F8F7F8
216 140 818287
216 142 999A9F
216 144 A9AAAE
216 146 C1C1C4
216 148 B4B4B9
216 162 B2B1B7
216 164 F8F9FA
216 166 A2A3A7
216 198 22222B
216 200 E0E0E1
216 202 FBFBFA
216 204 C9C8CA
216 206 828288
218 46 85848C
218 48 FAFAFA
218 50 FCFCFB
218 52 97979E
218 54 7E8087
218 78 96979C
218 80 7D7D83
218 82 A3A3A8
218 84 FDFCFC
218 86 1E1D28
218 116 131320
218 118 131220
218 120 12111E
218 122 12121D
218 124 13121C
218 126 14131E
218 128 15131F
218 130 12111B
218 164 A8A8AE
218 166 F9FAF8
218 168 A8A7AE
218 170 8B8B91
218 172 97999E
218 196 727276
218 198 CECDCE
218 200 FAFAFB
218 202 87878C
220 48 C7C6C9
220 50 DADADC
220 52 FBFBFB
220 54 DFE1E1
220 56 272832
220 76 161721
220 78 FBFCF9
220 80 D0CFD0
220 82 CCCCCD
220 84 F5F7F5
220 86 1A1A24
220 164 22212A
220 166 FCFBFC
220 168 D1D1D4
220 170 D3D3D5
220 172 E8E9E8
220 174 161826
220 194 9B9CA0
220 196 CECECF
220 198 FDFDFC
220 200 C1C1C5
220 202 7D7E86
222 50 25232E
222 52 CBCBCE
222 54 E3E3E3
222 56 F7F7F7
222 58 B6B7BB
222 78 86858D
222 80 C6C6C9
222 82 FDFDFD
222 84 FAFBFB
222 86 CDCECF
222 88 A3A5A7
222 124 9A9A9F
222 126 A2A3A8
222 162 9C9CA1
222 164 D2D2D5
222 166 FCFDFB
222 168 FCFCFC
222 170 8A8990
222 172 191926
222 190 A6A8AB
222 192 B3B3B5
222 194 FBFBFB
222 196 DFDFE3
222 198 7E7D83
224 54 8E8D93
224 56 F4F5F6
224 58 FAFBF9
224 60 B4B3B7
224 62 737379
224 64 171824
224 80 211F2B
224 82 FBFBFB
224 84 A5A5AA
224 86 EFF0F0
224 88 F4F5F6
224 90 1A1D29
224 122 17161F
224 124 FBFBFB
224 126 F5F5F6
224 128 161827
224 160 16151F
224 162 F7F7F8
224 164 C5C5C8
224 166 AEAFB2
224 168 FBFCFB
224 170 181823
224 186 9F9DA5
224 188 B4B4B8
224 190 E3E5E5
224 192 FCFCFC
224 194 B3B2B6
224 196 8A8B94
226 56 181927
226 58 B1B1B5
226 60 D7D7D7
226 62 FCFBF8
226 64 F7F7F8
226 66 929399
226 68 8E9097
226 80 C0BFC3
226 82 B4B4B6
226 86 0F101E
226 88 141423
226 102 727382
226 122 181722
226 124 FEFEFC
226 126 FBFDFD
226 128 181A27
226 148 6E6F7A
226 166 8C8C94
226 168 E3E3E6
226 170 BFC0C3
226 182 949399
226 184 B0AEB1
226 186 FCFCFB
226 188 E2E2E4
226 190 BAB9BD
226 192 97979E
228 60 A7A7A9
228 62 C6C5C7
228 64 FDFDFE
228 66 FBFBFC
228 68 868689
228 80 CFCFD2
228 82 787980
228 102 727281
228 120 191921
228 122 181620
228 124 FDFEFA
228 126 FAFBFB
228 128 21212A
228 130 191923
228 148 6F7079
228 168 82818A
228 170 BCBBC2
228 178 87868D
228 180 BEBCC2
228 182 DEDEDE
228 184 FBFBF9
228 186 B2B1B5
228 188 85848C
230 62 191825
230 64 201E29
230 66 D6D6DA
230 68 FCFCFC
230 70 D4D5D5
230 72 A1A1A6
230 74 919298
230 114 161521
230 116 FDFEFE
230 118 FEFFFE
230 120 FEFFFD
230 122 FDFEFC
230 124 FDFDFB
230 126 FDFDFC
230 128 FDFDFF
230 130 FEFFFE
230 132 FAFBFA
230 134 A0A2A8
230 174 818188
230 176 86868B
230 178 F7F6F7
230 180 FDFEFC
230 182 CED0CF
230 184 7E7D85
232 66 7D7C86
232 68 A4A4A9
232 70 B4B4B6
232 72 FCFCFC
232 74 E0E1E1
232 76 C3C4C7
232 78 21212B
232 116 DEDFDF
232 118 BEBFBF
232 120 A8A8AA
232 122 888889
232 124 FEFEFC
232 126 F8F7F7
232 128 8D8D93
232 130 AAABAF
232 132 BBBCBD
232 134 818289
232 170 73747C
232 172 C7C7CC
232 174 CCCCCE
232 176 FBFBFB
232 178 D5D5D7
232 180 9A9B9F
232 182 939499
234 72 B2B2B8
234 74 C4C5C6
234 76 E2E3E4
234 78 FEFEFF
234 80 F8F9F9
234 82 828388
234 84 A9A9AE
234 122 161520
234 124 FEFEFE
234 126 FAFBFC
234 128 151726
234 162 80818A
234 164 B1B1B7
234 166 99989E
234 168 CBCBCF
234 170 FEFFFF
234 172 FCFCFC
234 174 B9B8BC
234 176 6D6D73
236 76 B0B0B5
236 78 A1A0A6
236 80 D0D1D2
236 82 FCFDF9
236 84 FBFCFA
236 86 24232D
236 88 22222E
236 90 1C1D28
236 124 FCFEFB
236 126 F9FAFB
236 128 161928
236 158 1F202C
236 160 21212C
236 162 84858A
236 164 FDFEFE
236 166 FEFEFE
236 168 FAFAFB
236 170 838389
236 172 A6A6AC
238 80 212129
238 82 DBDCDE
238 84 B7B8BB
238 86 FBFDFD
238 88 FEFEFE
238 90 FEFFFF
238 92 FEFFFF
238 94 BCBCBE
238 124 CED0D0
238 126 BEC0C2
238 152 161622
238 154 FAFBFB
238 156 FEFFFE
238 158 FEFFFF
238 160 FDFFFF
238 162 E2E3E3
238 164 C0C0C3
238 166 CECED3
238 168 73737A
240 86 DFE1E2
240 88 C1C1C4
240 90 ABABAF
240 92 99999F
240 94 929194
240 96 B6B7BB
240 98 BFC1C3
240 100 CACBCE
240 102 D5D6D8
240 104 E1E2E3
240 106 EFF1EF
240 140 B9B9BD
240 142 EDEDEF
240 144 DFE0E4
240 146 D3D4D7
240 148 C8C8CB
240 150 BDBDC0
240 152 B3B3B6
240 154 818386
240 156 9D9EA2
240 158 B1B1B5
240 160 CACBCC
240 162 BFC1C2
242 94 BABBBF
242 96 E9EBEB
242 98 DADCDC
242 100 CECFCF
242 102 C3C5C6
242 104 BBBCBD
242 106 B1B2B3
242 108 7F8085
242 110 95949B
242 112 9F9FA5
242 114 A8A9AE
242 116 B3B5B9
242 118 C1C1C6
242 120 D1D1D4
242 122 E4E5E5
242 124 F2F2F1
242 126 DFDFDF
242 128 CDCDCE
242 130 BEBEC0
242 132 ADAFB2
242 134 A4A4A8
242 136 98989C
242 138 8F8F92
242 140 8A8B8C
242 142 B3B4B5
242 144 BBBCBF
242 146 C6C7CA
242 148 D2D3D4
242 150 E1E1E1
242 152 F1F0F1
244 106 14151E
244 108 FDFDFC
244 110 FEFDFE
244 112 FEFEFE
244 114 FDFEFE
244 116 FEFEFE
244 118 FEFEFF
244 120 FEFDFE
244 122 FEFDFD
244 124 FEFEFD
244 126 FEFEFE
244 128 FEFEFE
244 130 FEFEFE
244 132 FEFEFD
244 134 FDFDFD
244 136 FEFEFE
244 138 FDFEFD
244 140 BABBBF
246 116 151622
246 118 161722
246 120 161623
246 122 141520
246 124 151621
246 126 151621
246 128 151521
246 130 13141F
246 132 12121D
